Elapsed Time,EMG1,EMG2,EMG3,BioRadio Event,
00:00:00,-0.00468635559082031,-0.000326156616210938,0.00877189636230469,0,
00:00:00.004,-0.00468063354492188,-0.000308990478515625,0.00878334045410156,0,
00:00:00.008,-0.00464630126953125,-0.00029754638671875,0.00877189636230469,0,
00:00:00.012,-0.00465774536132813,-0.000308990478515625,0.00874900817871094,0,
00:00:00.016,-0.00465202331542969,-0.0003204345703125,0.00878334045410156,0,
00:00:00.02,-0.00464057922363281,-0.0003204345703125,0.00877761840820313,0,
00:00:00.024,-0.004669189453125,-0.000314712524414063,0.00875473022460938,0,
00:00:00.028,-0.00466346740722656,-0.0003204345703125,0.00878334045410156,0,
00:00:00.032,-0.00466346740722656,-0.000331878662109375,0.00877761840820313,0,
00:00:00.036,-0.00468635559082031,-0.000314712524414063,0.00878334045410156,0,
00:00:00.04,-0.00469207763671875,-0.000303268432617188,0.00878334045410156,0,
00:00:00.044,-0.00467491149902344,-0.000303268432617188,0.00875473022460938,0,
00:00:00.048,-0.00465774536132813,-0.000308990478515625,0.00874900817871094,0,
00:00:00.052,-0.00465774536132813,-0.000314712524414063,0.00876617431640625,0,
00:00:00.056,-0.00467491149902344,-0.000314712524414063,0.00876617431640625,0,
00:00:00.06,-0.00466346740722656,-0.0003204345703125,0.00876617431640625,0,
00:00:00.064,-0.00464057922363281,-0.000326156616210938,0.00878334045410156,0,
00:00:00.068,-0.00465202331542969,-0.000314712524414063,0.00877189636230469,0,
00:00:00.072,-0.00467491149902344,-0.000308990478515625,0.00877189636230469,0,
00:00:00.076,-0.00465202331542969,-0.0003204345703125,0.00877189636230469,0,
00:00:00.08,-0.00464630126953125,-0.000326156616210938,0.00875473022460938,0,
00:00:00.084,-0.00465202331542969,-0.0003204345703125,0.00876045227050781,0,
00:00:00.088,-0.00468635559082031,-0.0003204345703125,0.00878334045410156,0,
00:00:00.092,-0.00467491149902344,-0.000308990478515625,0.00877189636230469,0,
00:00:00.096,-0.00465774536132813,-0.000314712524414063,0.00873184204101563,0,
00:00:00.1,-0.004669189453125,-0.000308990478515625,0.00875473022460938,0,
00:00:00.104,-0.00468063354492188,-0.000303268432617188,0.00878334045410156,0,
00:00:00.108,-0.00465774536132813,-0.0003204345703125,0.0087890625,0,
00:00:00.112,-0.00464630126953125,-0.000331878662109375,0.0087890625,0,
00:00:00.116,-0.004669189453125,-0.000326156616210938,0.00875473022460938,0,
00:00:00.12,-0.00467491149902344,-0.000308990478515625,0.0087432861328125,0,
00:00:00.124,-0.00467491149902344,-0.0003204345703125,0.00876045227050781,0,
00:00:00.128,-0.00468635559082031,-0.0003204345703125,0.00876045227050781,0,
00:00:00.132,-0.004669189453125,-0.000314712524414063,0.00875473022460938,0,
00:00:00.136,-0.00464630126953125,-0.000303268432617188,0.00876045227050781,0,
00:00:00.14,-0.00464630126953125,-0.000303268432617188,0.00874900817871094,0,
00:00:00.144,-0.00467491149902344,-0.000308990478515625,0.00873756408691406,0,
00:00:00.148,-0.00466346740722656,-0.0003204345703125,0.0087432861328125,0,
00:00:00.152,-0.00464630126953125,-0.000337600708007813,0.00876617431640625,0,
00:00:00.156,-0.00466346740722656,-0.000314712524414063,0.00876617431640625,0,
00:00:00.16,-0.00467491149902344,-0.000303268432617188,0.00877761840820313,0,
00:00:00.164,-0.00466346740722656,-0.000326156616210938,0.00877189636230469,0,
00:00:00.168,-0.00464630126953125,-0.000331878662109375,0.00873184204101563,0,
00:00:00.172,-0.00464057922363281,-0.000326156616210938,0.00873756408691406,0,
00:00:00.176,-0.00465202331542969,-0.000314712524414063,0.00876045227050781,0,
00:00:00.18,-0.00465774536132813,-0.0003204345703125,0.00876045227050781,0,
00:00:00.184,-0.00466346740722656,-0.000331878662109375,0.00876045227050781,0,
00:00:00.188,-0.00467491149902344,-0.000337600708007813,0.00876045227050781,0,
00:00:00.192,-0.004669189453125,-0.000326156616210938,0.00876045227050781,0,
00:00:00.196,-0.00468063354492188,-0.000331878662109375,0.00877189636230469,0,
00:00:00.2,-0.00465774536132813,-0.000326156616210938,0.00876045227050781,0,
00:00:00.204,-0.00462913513183594,-0.000303268432617188,0.0087432861328125,0,
00:00:00.208,-0.00463485717773438,-0.000314712524414063,0.00876045227050781,0,
00:00:00.212,-0.00465202331542969,-0.000326156616210938,0.00876617431640625,0,
00:00:00.216,-0.004669189453125,-0.000326156616210938,0.00875473022460938,0,
00:00:00.22,-0.00465774536132813,-0.0003204345703125,0.00874900817871094,0,
00:00:00.224,-0.00466346740722656,-0.000326156616210938,0.00876045227050781,0,
00:00:00.228,-0.00465774536132813,-0.000326156616210938,0.00874900817871094,0,
00:00:00.232,-0.00465774536132813,-0.000326156616210938,0.00875473022460938,0,
00:00:00.236,-0.00466346740722656,-0.000331878662109375,0.00872611999511719,0,
00:00:00.24,-0.004669189453125,-0.0003204345703125,0.00872039794921875,0,
00:00:00.244,-0.00466346740722656,-0.000308990478515625,0.00873184204101563,0,
00:00:00.248,-0.00468063354492188,-0.0003204345703125,0.00872039794921875,0,
00:00:00.252,-0.00466346740722656,-0.000331878662109375,0.00876045227050781,0,
00:00:00.256,-0.00465774536132813,-0.0003204345703125,0.00877189636230469,0,
00:00:00.26,-0.00465202331542969,-0.000326156616210938,0.0087432861328125,0,
00:00:00.264,-0.00466346740722656,-0.000337600708007813,0.00875473022460938,0,
00:00:00.268,-0.00468063354492188,-0.000303268432617188,0.00874900817871094,0,
00:00:00.272,-0.00467491149902344,-0.0003204345703125,0.00873756408691406,0,
00:00:00.276,-0.00465202331542969,-0.000337600708007813,0.00874900817871094,0,
00:00:00.28,-0.00464630126953125,-0.0003204345703125,0.0087432861328125,0,
00:00:00.284,-0.00467491149902344,-0.000326156616210938,0.0087432861328125,0,
00:00:00.288,-0.00465774536132813,-0.0003204345703125,0.00872611999511719,0,
00:00:00.292,-0.00465202331542969,-0.000326156616210938,0.00875473022460938,0,
00:00:00.296,-0.00464057922363281,-0.000326156616210938,0.00873756408691406,0,
00:00:00.3,-0.0046234130859375,-0.000337600708007813,0.00875473022460938,0,
00:00:00.304,-0.00463485717773438,-0.000331878662109375,0.00873184204101563,0,
00:00:00.308,-0.004669189453125,-0.000326156616210938,0.00872039794921875,0,
00:00:00.312,-0.00466346740722656,-0.000326156616210938,0.00875473022460938,0,
00:00:00.316,-0.00465774536132813,-0.000326156616210938,0.00873756408691406,0,
00:00:00.32,-0.00465774536132813,-0.000314712524414063,0.00873184204101563,0,
00:00:00.324,-0.00465774536132813,-0.000337600708007813,0.00873756408691406,0,
00:00:00.328,-0.00464057922363281,-0.000337600708007813,0.00872039794921875,0,
00:00:00.332,-0.00465774536132813,-0.0003204345703125,0.00872611999511719,0,
00:00:00.336,-0.00466346740722656,-0.0003204345703125,0.00873184204101563,0,
00:00:00.34,-0.00466346740722656,-0.000326156616210938,0.00874900817871094,0,
00:00:00.344,-0.00465202331542969,-0.000337600708007813,0.0087432861328125,0,
00:00:00.348,-0.00466346740722656,-0.000326156616210938,0.0087432861328125,0,
00:00:00.352,-0.00467491149902344,-0.000314712524414063,0.00874900817871094,0,
00:00:00.356,-0.00467491149902344,-0.000331878662109375,0.00873184204101563,0,
00:00:00.36,-0.00465774536132813,-0.000326156616210938,0.00871467590332031,0,
00:00:00.364,-0.00466346740722656,-0.000337600708007813,0.00870323181152344,0,
00:00:00.368,-0.00466346740722656,-0.00034332275390625,0.00874900817871094,0,
00:00:00.372,-0.00468635559082031,-0.00034332275390625,0.00874900817871094,0,
00:00:00.376,-0.00467491149902344,-0.000314712524414063,0.00870323181152344,0,
00:00:00.38,-0.00465202331542969,-0.000314712524414063,0.00872039794921875,0,
00:00:00.384,-0.00461769104003906,-0.000314712524414063,0.00873756408691406,0,
00:00:00.388,-0.00462913513183594,-0.0003204345703125,0.00873756408691406,0,
00:00:00.392,-0.00464630126953125,-0.00034332275390625,0.00873756408691406,0,
00:00:00.396,-0.00465202331542969,-0.00034332275390625,0.00871467590332031,0,
00:00:00.4,-0.00465202331542969,-0.000331878662109375,0.00872611999511719,0,
00:00:00.404,-0.00466346740722656,-0.000326156616210938,0.00872039794921875,0,
00:00:00.408,-0.00464057922363281,-0.000331878662109375,0.00871467590332031,0,
00:00:00.412,-0.00463485717773438,-0.000331878662109375,0.00872611999511719,0,
00:00:00.416,-0.00465774536132813,-0.000331878662109375,0.00874900817871094,0,
00:00:00.42,-0.00465202331542969,-0.000326156616210938,0.0087432861328125,0,
00:00:00.424,-0.00465774536132813,-0.000326156616210938,0.00872039794921875,0,
00:00:00.428,-0.00466346740722656,-0.000331878662109375,0.00871467590332031,0,
00:00:00.432,-0.00464630126953125,-0.00034332275390625,0.00872039794921875,0,
00:00:00.436,-0.004669189453125,-0.000326156616210938,0.00872039794921875,0,
00:00:00.44,-0.004669189453125,-0.00029754638671875,0.00873756408691406,0,
00:00:00.444,-0.00464630126953125,-0.000314712524414063,0.00873756408691406,0,
00:00:00.448,-0.00465202331542969,-0.000331878662109375,0.0087432861328125,0,
00:00:00.452,-0.00468063354492188,-0.000354766845703125,0.00871467590332031,0,
00:00:00.456,-0.00468635559082031,-0.000349044799804688,0.00870895385742188,0,
00:00:00.46,-0.00467491149902344,-0.000331878662109375,0.00870323181152344,0,
00:00:00.464,-0.00465774536132813,-0.0003204345703125,0.00870323181152344,0,
00:00:00.468,-0.00464630126953125,-0.000303268432617188,0.00871467590332031,0,
00:00:00.472,-0.00464057922363281,-0.000326156616210938,0.00874900817871094,0,
00:00:00.476,-0.00461769104003906,-0.000337600708007813,0.00873756408691406,0,
00:00:00.48,-0.00464057922363281,-0.000326156616210938,0.00872611999511719,0,
00:00:00.484,-0.004669189453125,-0.00034332275390625,0.00873756408691406,0,
00:00:00.488,-0.00465202331542969,-0.00034332275390625,0.00868606567382813,0,
00:00:00.492,-0.00465202331542969,-0.000326156616210938,0.00872039794921875,0,
00:00:00.496,-0.00463485717773438,-0.0003204345703125,0.00873756408691406,0,
00:00:00.5,-0.00465202331542969,-0.0003204345703125,0.00871467590332031,0,
00:00:00.504,-0.00463485717773438,-0.000303268432617188,0.00871467590332031,0,
00:00:00.508,-0.00464057922363281,-0.000314712524414063,0.00870895385742188,0,
00:00:00.512,-0.00462913513183594,-0.000337600708007813,0.00870895385742188,0,
00:00:00.516,-0.00465202331542969,-0.00034332275390625,0.00871467590332031,0,
00:00:00.52,-0.004669189453125,-0.000314712524414063,0.00870895385742188,0,
00:00:00.524,-0.00467491149902344,-0.000303268432617188,0.00869178771972656,0,
00:00:00.528,-0.00464057922363281,-0.0003204345703125,0.00869178771972656,0,
00:00:00.532,-0.00462913513183594,-0.000331878662109375,0.00871467590332031,0,
00:00:00.536,-0.00464057922363281,-0.000331878662109375,0.00873184204101563,0,
00:00:00.54,-0.00465774536132813,-0.000326156616210938,0.00870895385742188,0,
00:00:00.544,-0.004669189453125,-0.000326156616210938,0.00872039794921875,0,
00:00:00.548,-0.00465774536132813,-0.000326156616210938,0.00872039794921875,0,
00:00:00.552,-0.00465774536132813,-0.000354766845703125,0.00872611999511719,0,
00:00:00.556,-0.00469207763671875,-0.000331878662109375,0.00870323181152344,0,
00:00:00.56,-0.00468063354492188,-0.000303268432617188,0.00869178771972656,0,
00:00:00.564,-0.00464057922363281,-0.000303268432617188,0.00868606567382813,0,
00:00:00.568,-0.00460052490234375,-0.00029754638671875,0.00870895385742188,0,
00:00:00.572,-0.00461196899414063,-0.0003204345703125,0.00873184204101563,0,
00:00:00.576,-0.0046234130859375,-0.000337600708007813,0.00872039794921875,0,
00:00:00.58,-0.00465774536132813,-0.000326156616210938,0.008697509765625,0,
00:00:00.584,-0.00468063354492188,-0.0003204345703125,0.00870323181152344,0,
00:00:00.588,-0.004669189453125,-0.000314712524414063,0.00868034362792969,0,
00:00:00.592,-0.00465774536132813,-0.000331878662109375,0.00867462158203125,0,
00:00:00.596,-0.00462913513183594,-0.000308990478515625,0.00870895385742188,0,
00:00:00.6,-0.00461196899414063,-0.000314712524414063,0.00871467590332031,0,
00:00:00.604,-0.00462913513183594,-0.000326156616210938,0.00870895385742188,0,
00:00:00.608,-0.004669189453125,-0.000331878662109375,0.008697509765625,0,
00:00:00.612,-0.00466346740722656,-0.000331878662109375,0.00871467590332031,0,
00:00:00.616,-0.00464630126953125,-0.000303268432617188,0.00870895385742188,0,
00:00:00.62,-0.00464630126953125,-0.000314712524414063,0.008697509765625,0,
00:00:00.624,-0.00463485717773438,-0.000314712524414063,0.008697509765625,0,
00:00:00.628,-0.00464630126953125,-0.000308990478515625,0.00868606567382813,0,
00:00:00.632,-0.00465774536132813,-0.000291824340820313,0.00868606567382813,0,
00:00:00.636,-0.00463485717773438,-0.000286102294921875,0.00868606567382813,0,
00:00:00.64,-0.00464057922363281,-0.0003204345703125,0.00870895385742188,0,
00:00:00.644,-0.00464630126953125,-0.000337600708007813,0.00871467590332031,0,
00:00:00.648,-0.00465774536132813,-0.000326156616210938,0.00868606567382813,0,
00:00:00.652,-0.00465202331542969,-0.0003204345703125,0.00870323181152344,0,
00:00:00.656,-0.00464630126953125,-0.0003204345703125,0.00871467590332031,0,
00:00:00.66,-0.00466346740722656,-0.000314712524414063,0.00868034362792969,0,
00:00:00.664,-0.00464057922363281,-0.000308990478515625,0.00869178771972656,0,
00:00:00.668,-0.00463485717773438,-0.000303268432617188,0.008697509765625,0,
00:00:00.672,-0.0046234130859375,-0.0003204345703125,0.00867462158203125,0,
00:00:00.676,-0.00464630126953125,-0.000326156616210938,0.00868606567382813,0,
00:00:00.68,-0.00466346740722656,-0.000326156616210938,0.008697509765625,0,
00:00:00.684,-0.004669189453125,-0.000314712524414063,0.00868034362792969,0,
00:00:00.688,-0.00464630126953125,-0.000308990478515625,0.00868034362792969,0,
00:00:00.692,-0.0046234130859375,-0.000308990478515625,0.00868606567382813,0,
00:00:00.696,-0.00463485717773438,-0.000331878662109375,0.008697509765625,0,
00:00:00.7,-0.00462913513183594,-0.0003204345703125,0.008697509765625,0,
00:00:00.704,-0.00464057922363281,-0.000314712524414063,0.00868034362792969,0,
00:00:00.708,-0.00465202331542969,-0.000308990478515625,0.00866317749023438,0,
00:00:00.712,-0.00464057922363281,-0.000308990478515625,0.00870323181152344,0,
00:00:00.716,-0.00464057922363281,-0.000308990478515625,0.00866317749023438,0,
00:00:00.72,-0.00464057922363281,-0.000303268432617188,0.00866317749023438,0,
00:00:00.724,-0.00464057922363281,-0.000303268432617188,0.008697509765625,0,
00:00:00.728,-0.00462913513183594,-0.0003204345703125,0.00869178771972656,0,
00:00:00.732,-0.00462913513183594,-0.0003204345703125,0.00867462158203125,0,
00:00:00.736,-0.00465202331542969,-0.000314712524414063,0.00869178771972656,0,
00:00:00.74,-0.00465202331542969,-0.000303268432617188,0.00871467590332031,0,
00:00:00.744,-0.00466346740722656,-0.000303268432617188,0.00870323181152344,0,
00:00:00.748,-0.00465202331542969,-0.000314712524414063,0.00866889953613281,0,
00:00:00.752,-0.00461769104003906,-0.000314712524414063,0.00868034362792969,0,
00:00:00.756,-0.00461196899414063,-0.000274658203125,0.00867462158203125,0,
00:00:00.76,-0.00462913513183594,-0.000286102294921875,0.00868606567382813,0,
00:00:00.764,-0.0046234130859375,-0.000331878662109375,0.00866889953613281,0,
00:00:00.768,-0.0046234130859375,-0.000326156616210938,0.00866317749023438,0,
00:00:00.772,-0.00464630126953125,-0.000337600708007813,0.0086517333984375,0,
00:00:00.776,-0.00464630126953125,-0.000314712524414063,0.00866889953613281,0,
00:00:00.78,-0.00463485717773438,-0.00029754638671875,0.00868606567382813,0,
00:00:00.784,-0.00462913513183594,-0.000308990478515625,0.008697509765625,0,
00:00:00.788,-0.00464630126953125,-0.0003204345703125,0.00868606567382813,0,
00:00:00.792,-0.00465774536132813,-0.000314712524414063,0.00868606567382813,0,
00:00:00.796,-0.00466346740722656,-0.000308990478515625,0.00865745544433594,0,
00:00:00.8,-0.00463485717773438,-0.000286102294921875,0.00866889953613281,0,
00:00:00.804,-0.0046234130859375,-0.000308990478515625,0.00864601135253906,0,
00:00:00.808,-0.0046234130859375,-0.000331878662109375,0.00868606567382813,0,
00:00:00.812,-0.00463485717773438,-0.000331878662109375,0.008697509765625,0,
00:00:00.816,-0.00465774536132813,-0.0003204345703125,0.00866889953613281,0,
00:00:00.82,-0.004669189453125,-0.000286102294921875,0.00868034362792969,0,
00:00:00.824,-0.00463485717773438,-0.000291824340820313,0.00868034362792969,0,
00:00:00.828,-0.00461769104003906,-0.000308990478515625,0.00867462158203125,0,
00:00:00.832,-0.00460624694824219,-0.000303268432617188,0.00868034362792969,0,
00:00:00.836,-0.00463485717773438,-0.000308990478515625,0.00865745544433594,0,
00:00:00.84,-0.00465774536132813,-0.0003204345703125,0.00868606567382813,0,
00:00:00.844,-0.00465774536132813,-0.00029754638671875,0.00866889953613281,0,
00:00:00.848,-0.00465774536132813,-0.00029754638671875,0.00866317749023438,0,
00:00:00.852,-0.00462913513183594,-0.000314712524414063,0.00866889953613281,0,
00:00:00.856,-0.00459480285644531,-0.00029754638671875,0.00866889953613281,0,
00:00:00.86,-0.00457763671875,-0.000303268432617188,0.0086517333984375,0,
00:00:00.864,-0.0046234130859375,-0.00029754638671875,0.00864601135253906,0,
00:00:00.868,-0.00465202331542969,-0.000268936157226563,0.00866889953613281,0,
00:00:00.872,-0.00464630126953125,-0.0003204345703125,0.00865745544433594,0,
00:00:00.876,-0.00464630126953125,-0.000326156616210938,0.00866889953613281,0,
00:00:00.88,-0.00465202331542969,-0.0003204345703125,0.00870895385742188,0,
00:00:00.884,-0.00466346740722656,-0.000308990478515625,0.00866889953613281,0,
00:00:00.888,-0.00466346740722656,-0.000303268432617188,0.00864601135253906,0,
00:00:00.892,-0.00464630126953125,-0.000303268432617188,0.00864028930664063,0,
00:00:00.896,-0.00463485717773438,-0.00029754638671875,0.00863456726074219,0,
00:00:00.9,-0.00460052490234375,-0.000303268432617188,0.00864601135253906,0,
00:00:00.904,-0.00458908081054688,-0.000308990478515625,0.00864601135253906,0,
00:00:00.908,-0.00461769104003906,-0.000314712524414063,0.00867462158203125,0,
00:00:00.912,-0.00465774536132813,-0.000314712524414063,0.00868034362792969,0,
00:00:00.916,-0.00465774536132813,-0.00029754638671875,0.00865745544433594,0,
00:00:00.92,-0.00461196899414063,-0.000308990478515625,0.00867462158203125,0,
00:00:00.924,-0.00460052490234375,-0.000314712524414063,0.00862884521484375,0,
00:00:00.928,-0.00464630126953125,-0.0003204345703125,0.00860023498535156,0,
00:00:00.932,-0.00464057922363281,-0.000308990478515625,0.00864601135253906,0,
00:00:00.936,-0.0046234130859375,-0.000303268432617188,0.00870323181152344,0,
00:00:00.94,-0.00461769104003906,-0.000308990478515625,0.00866889953613281,0,
00:00:00.944,-0.0046234130859375,-0.000303268432617188,0.00866889953613281,0,
00:00:00.948,-0.00461196899414063,-0.000303268432617188,0.00866317749023438,0,
00:00:00.952,-0.0046234130859375,-0.000314712524414063,0.00864601135253906,0,
00:00:00.956,-0.00465202331542969,-0.000326156616210938,0.0086517333984375,0,
00:00:00.96,-0.00465202331542969,-0.000308990478515625,0.00865745544433594,0,
00:00:00.964,-0.00465774536132813,-0.00029754638671875,0.00864028930664063,0,
00:00:00.968,-0.00464057922363281,-0.000291824340820313,0.00866317749023438,0,
00:00:00.972,-0.00461196899414063,-0.000286102294921875,0.00866317749023438,0,
00:00:00.976,-0.00460624694824219,-0.0003204345703125,0.00862884521484375,0,
00:00:00.98,-0.00462913513183594,-0.000331878662109375,0.00862884521484375,0,
00:00:00.984,-0.00463485717773438,-0.000314712524414063,0.00864601135253906,0,
00:00:00.988,-0.00465202331542969,-0.000308990478515625,0.00862312316894531,0,
00:00:00.992,-0.00463485717773438,-0.000308990478515625,0.00862312316894531,0,
00:00:00.996,-0.00461769104003906,-0.000314712524414063,0.00866889953613281,0,
00:00:01,-0.00460624694824219,-0.000303268432617188,0.00869178771972656,0,
00:00:01.004,-0.00461769104003906,-0.000303268432617188,0.0086517333984375,0,
00:00:01.008,-0.00462913513183594,-0.000314712524414063,0.00863456726074219,0,
00:00:01.012,-0.00461769104003906,-0.0003204345703125,0.00864601135253906,0,
00:00:01.016,-0.0046234130859375,-0.000326156616210938,0.00863456726074219,0,
00:00:01.02,-0.00464057922363281,-0.00029754638671875,0.0086517333984375,0,
00:00:01.024,-0.00463485717773438,-0.000303268432617188,0.00865745544433594,0,
00:00:01.028,-0.00463485717773438,-0.000314712524414063,0.00865745544433594,0,
00:00:01.032,-0.00464057922363281,-0.000326156616210938,0.00862884521484375,0,
00:00:01.036,-0.00465774536132813,-0.0003204345703125,0.00863456726074219,0,
00:00:01.04,-0.00464057922363281,-0.000314712524414063,0.00864601135253906,0,
00:00:01.044,-0.00461769104003906,-0.000308990478515625,0.00863456726074219,0,
00:00:01.048,-0.0046234130859375,-0.000308990478515625,0.00861740112304688,0,
00:00:01.052,-0.0046234130859375,-0.000314712524414063,0.00863456726074219,0,
00:00:01.056,-0.00460624694824219,-0.00029754638671875,0.00865745544433594,0,
00:00:01.06,-0.00461769104003906,-0.000303268432617188,0.00862884521484375,0,
00:00:01.064,-0.00461196899414063,-0.0003204345703125,0.00862312316894531,0,
00:00:01.068,-0.0046234130859375,-0.000331878662109375,0.00864601135253906,0,
00:00:01.072,-0.00464057922363281,-0.000331878662109375,0.00863456726074219,0,
00:00:01.076,-0.00464630126953125,-0.00029754638671875,0.00862884521484375,0,
00:00:01.08,-0.00462913513183594,-0.00029754638671875,0.00861740112304688,0,
00:00:01.084,-0.00460624694824219,-0.000303268432617188,0.00861740112304688,0,
00:00:01.088,-0.00460052490234375,-0.000308990478515625,0.00862884521484375,0,
00:00:01.092,-0.00459480285644531,-0.000314712524414063,0.00863456726074219,0,
00:00:01.096,-0.0046234130859375,-0.000331878662109375,0.0086517333984375,0,
00:00:01.1,-0.00461769104003906,-0.000314712524414063,0.00862884521484375,0,
00:00:01.104,-0.0046234130859375,-0.000314712524414063,0.00860023498535156,0,
00:00:01.108,-0.00464630126953125,-0.000326156616210938,0.00863456726074219,0,
00:00:01.112,-0.00465202331542969,-0.0003204345703125,0.00866317749023438,0,
00:00:01.116,-0.00462913513183594,-0.000303268432617188,0.00864028930664063,0,
00:00:01.12,-0.00464057922363281,-0.00029754638671875,0.00862884521484375,0,
00:00:01.124,-0.00460624694824219,-0.00029754638671875,0.00861167907714844,0,
00:00:01.128,-0.00460052490234375,-0.000314712524414063,0.00861740112304688,0,
00:00:01.132,-0.00462913513183594,-0.000308990478515625,0.00862884521484375,0,
00:00:01.136,-0.00465774536132813,-0.000314712524414063,0.00862312316894531,0,
00:00:01.14,-0.00465202331542969,-0.000314712524414063,0.00861167907714844,0,
00:00:01.144,-0.00460624694824219,-0.000308990478515625,0.00861167907714844,0,
00:00:01.148,-0.00457191467285156,-0.000326156616210938,0.00863456726074219,0,
00:00:01.152,-0.00458908081054688,-0.000314712524414063,0.00862884521484375,0,
00:00:01.156,-0.00461196899414063,-0.000303268432617188,0.00862884521484375,0,
00:00:01.16,-0.0046234130859375,-0.000303268432617188,0.00860595703125,0,
00:00:01.164,-0.00463485717773438,-0.000314712524414063,0.00861167907714844,0,
00:00:01.168,-0.00463485717773438,-0.000314712524414063,0.00861740112304688,0,
00:00:01.172,-0.00462913513183594,-0.000303268432617188,0.00862884521484375,0,
00:00:01.176,-0.00461196899414063,-0.000314712524414063,0.00861740112304688,0,
00:00:01.18,-0.00460052490234375,-0.000326156616210938,0.00860023498535156,0,
00:00:01.184,-0.00460624694824219,-0.0003204345703125,0.00861167907714844,0,
00:00:01.188,-0.00461769104003906,-0.000326156616210938,0.00864028930664063,0,
00:00:01.192,-0.00461769104003906,-0.00029754638671875,0.00861167907714844,0,
00:00:01.196,-0.00461769104003906,-0.00029754638671875,0.00860595703125,0,
00:00:01.2,-0.00461196899414063,-0.000314712524414063,0.00862312316894531,0,
00:00:01.204,-0.00460052490234375,-0.000326156616210938,0.00862884521484375,0,
00:00:01.208,-0.00460052490234375,-0.000314712524414063,0.00862312316894531,0,
00:00:01.212,-0.00461196899414063,-0.000308990478515625,0.00861167907714844,0,
00:00:01.216,-0.00463485717773438,-0.000303268432617188,0.00862312316894531,0,
00:00:01.22,-0.00461769104003906,-0.000308990478515625,0.00862884521484375,0,
00:00:01.224,-0.00461196899414063,-0.000308990478515625,0.00860595703125,0,
00:00:01.228,-0.00461196899414063,-0.000303268432617188,0.00859451293945313,0,
00:00:01.232,-0.00464630126953125,-0.000308990478515625,0.00861740112304688,0,
00:00:01.236,-0.00465202331542969,-0.000314712524414063,0.00862312316894531,0,
00:00:01.24,-0.00461769104003906,-0.00029754638671875,0.00862312316894531,0,
00:00:01.244,-0.00458908081054688,-0.000308990478515625,0.00857734680175781,0,
00:00:01.248,-0.00460052490234375,-0.000314712524414063,0.00858879089355469,0,
00:00:01.252,-0.00461196899414063,-0.00029754638671875,0.00861167907714844,0,
00:00:01.256,-0.00460624694824219,-0.000303268432617188,0.00861167907714844,0,
00:00:01.26,-0.00460052490234375,-0.000326156616210938,0.00862312316894531,0,
00:00:01.264,-0.00460052490234375,-0.000326156616210938,0.00862312316894531,0,
00:00:01.268,-0.00463485717773438,-0.000331878662109375,0.00860023498535156,0,
00:00:01.272,-0.00463485717773438,-0.000308990478515625,0.00861740112304688,0,
00:00:01.276,-0.00464630126953125,-0.000303268432617188,0.00861167907714844,0,
00:00:01.28,-0.00460624694824219,-0.000308990478515625,0.00858879089355469,0,
00:00:01.284,-0.00458908081054688,-0.00029754638671875,0.00858306884765625,0,
00:00:01.288,-0.00458335876464844,-0.000308990478515625,0.00861740112304688,0,
00:00:01.292,-0.00458335876464844,-0.000331878662109375,0.00860595703125,0,
00:00:01.296,-0.00458335876464844,-0.000308990478515625,0.00858306884765625,0,
00:00:01.3,-0.00460052490234375,-0.000291824340820313,0.00857162475585938,0,
00:00:01.304,-0.00462913513183594,-0.0003204345703125,0.00860023498535156,0,
00:00:01.308,-0.00460624694824219,-0.000314712524414063,0.00863456726074219,0,
00:00:01.312,-0.0046234130859375,-0.000314712524414063,0.00863456726074219,0,
00:00:01.316,-0.00462913513183594,-0.000308990478515625,0.00862312316894531,0,
00:00:01.32,-0.0046234130859375,-0.000308990478515625,0.00860595703125,0,
00:00:01.324,-0.00462913513183594,-0.00029754638671875,0.00859451293945313,0,
00:00:01.328,-0.00461769104003906,-0.00029754638671875,0.00858306884765625,0,
00:00:01.332,-0.00460052490234375,-0.000291824340820313,0.00860595703125,0,
00:00:01.336,-0.00458335876464844,-0.000314712524414063,0.00860023498535156,0,
00:00:01.34,-0.00457763671875,-0.00029754638671875,0.00860595703125,0,
00:00:01.344,-0.00460624694824219,-0.0003204345703125,0.00860595703125,0,
00:00:01.348,-0.00462913513183594,-0.000308990478515625,0.00858306884765625,0,
00:00:01.352,-0.00461769104003906,-0.000308990478515625,0.00858306884765625,0,
00:00:01.356,-0.00460624694824219,-0.000314712524414063,0.00859451293945313,0,
00:00:01.36,-0.00458908081054688,-0.000331878662109375,0.00861740112304688,0,
00:00:01.364,-0.00459480285644531,-0.0003204345703125,0.00860023498535156,0,
00:00:01.368,-0.0046234130859375,-0.00029754638671875,0.00861740112304688,0,
00:00:01.372,-0.00461769104003906,-0.0003204345703125,0.00859451293945313,0,
00:00:01.376,-0.00460624694824219,-0.000303268432617188,0.00857734680175781,0,
00:00:01.38,-0.00460624694824219,-0.000308990478515625,0.00857734680175781,0,
00:00:01.384,-0.00461196899414063,-0.000314712524414063,0.00861167907714844,0,
00:00:01.388,-0.00460052490234375,-0.0003204345703125,0.00859451293945313,0,
00:00:01.392,-0.0046234130859375,-0.000308990478515625,0.00854873657226563,0,
00:00:01.396,-0.00461196899414063,-0.000314712524414063,0.00857734680175781,0,
00:00:01.4,-0.00458335876464844,-0.000303268432617188,0.00862312316894531,0,
00:00:01.404,-0.00458908081054688,-0.000308990478515625,0.00860595703125,0,
00:00:01.408,-0.00459480285644531,-0.000308990478515625,0.00860595703125,0,
00:00:01.412,-0.00459480285644531,-0.0003204345703125,0.00858879089355469,0,
00:00:01.416,-0.00461196899414063,-0.000308990478515625,0.00860595703125,0,
00:00:01.42,-0.00464630126953125,-0.000326156616210938,0.00861167907714844,0,
00:00:01.424,-0.00464630126953125,-0.000303268432617188,0.00860595703125,0,
00:00:01.428,-0.00458908081054688,-0.0003204345703125,0.00859451293945313,0,
00:00:01.432,-0.00456047058105469,-0.000303268432617188,0.00858306884765625,0,
00:00:01.436,-0.00458335876464844,-0.000291824340820313,0.00858879089355469,0,
00:00:01.44,-0.00460052490234375,-0.00029754638671875,0.00859451293945313,0,
00:00:01.444,-0.00457763671875,-0.000314712524414063,0.00860023498535156,0,
00:00:01.448,-0.00460624694824219,-0.000308990478515625,0.00858879089355469,0,
00:00:01.452,-0.00460052490234375,-0.00029754638671875,0.00858306884765625,0,
00:00:01.456,-0.00460052490234375,-0.00029754638671875,0.00858306884765625,0,
00:00:01.46,-0.00460052490234375,-0.000303268432617188,0.00860595703125,0,
00:00:01.464,-0.00458335876464844,-0.000308990478515625,0.00858879089355469,0,
00:00:01.468,-0.00458908081054688,-0.000314712524414063,0.00859451293945313,0,
00:00:01.472,-0.00460052490234375,-0.000314712524414063,0.00854873657226563,0,
00:00:01.476,-0.00460052490234375,-0.000308990478515625,0.00857162475585938,0,
00:00:01.48,-0.00459480285644531,-0.000308990478515625,0.00859451293945313,0,
00:00:01.484,-0.00458335876464844,-0.000291824340820313,0.00861740112304688,0,
00:00:01.488,-0.00458335876464844,-0.0003204345703125,0.00857162475585938,0,
00:00:01.492,-0.00460624694824219,-0.000314712524414063,0.0085601806640625,0,
00:00:01.496,-0.00461196899414063,-0.000326156616210938,0.00860595703125,0,
00:00:01.5,-0.00461196899414063,-0.000314712524414063,0.00860023498535156,0,
00:00:01.504,-0.00461769104003906,-0.000274658203125,0.00859451293945313,0,
00:00:01.508,-0.00461769104003906,-0.000303268432617188,0.00858879089355469,0,
00:00:01.512,-0.00458908081054688,-0.000337600708007813,0.00858306884765625,0,
00:00:01.516,-0.00461769104003906,-0.000314712524414063,0.00858879089355469,0,
00:00:01.52,-0.00461769104003906,-0.00029754638671875,0.00857162475585938,0,
00:00:01.524,-0.00458908081054688,-0.000308990478515625,0.0085601806640625,0,
00:00:01.528,-0.00457191467285156,-0.000308990478515625,0.00857162475585938,0,
00:00:01.532,-0.00457763671875,-0.000303268432617188,0.00857734680175781,0,
00:00:01.536,-0.00459480285644531,-0.000303268432617188,0.00858879089355469,0,
00:00:01.54,-0.00460624694824219,-0.00029754638671875,0.00859451293945313,0,
00:00:01.544,-0.00461196899414063,-0.000303268432617188,0.00857162475585938,0,
00:00:01.548,-0.00457191467285156,-0.000291824340820313,0.00859451293945313,0,
00:00:01.552,-0.00457191467285156,-0.000308990478515625,0.00859451293945313,0,
00:00:01.556,-0.00457191467285156,-0.000308990478515625,0.00858306884765625,0,
00:00:01.56,-0.00458908081054688,-0.000308990478515625,0.00860023498535156,0,
00:00:01.564,-0.00459480285644531,-0.000303268432617188,0.00859451293945313,0,
00:00:01.568,-0.00461196899414063,-0.000308990478515625,0.00858879089355469,0,
00:00:01.572,-0.00460624694824219,-0.000303268432617188,0.00854873657226563,0,
00:00:01.576,-0.00460052490234375,-0.000303268432617188,0.00855445861816406,0,
00:00:01.58,-0.00457763671875,-0.000303268432617188,0.00857734680175781,0,
00:00:01.584,-0.00456047058105469,-0.0003204345703125,0.00860023498535156,0,
00:00:01.588,-0.00459480285644531,-0.000291824340820313,0.00857162475585938,0,
00:00:01.592,-0.00460624694824219,-0.00029754638671875,0.00857162475585938,0,
00:00:01.596,-0.00458908081054688,-0.000308990478515625,0.00858879089355469,0,
00:00:01.6,-0.00458335876464844,-0.000303268432617188,0.00859451293945313,0,
00:00:01.604,-0.00460624694824219,-0.000303268432617188,0.00858306884765625,0,
00:00:01.608,-0.00462913513183594,-0.000291824340820313,0.00858306884765625,0,
00:00:01.612,-0.00460052490234375,-0.00029754638671875,0.00858879089355469,0,
00:00:01.616,-0.00461196899414063,-0.00034332275390625,0.00858306884765625,0,
00:00:01.62,-0.0046234130859375,-0.000314712524414063,0.00857162475585938,0,
00:00:01.624,-0.00461196899414063,-0.00029754638671875,0.00857162475585938,0,
00:00:01.628,-0.00458908081054688,-0.000291824340820313,0.00855445861816406,0,
00:00:01.632,-0.00456619262695313,-0.000308990478515625,0.00855445861816406,0,
00:00:01.636,-0.00456047058105469,-0.0003204345703125,0.00857734680175781,0,
00:00:01.64,-0.00454902648925781,-0.000303268432617188,0.00859451293945313,0,
00:00:01.644,-0.00458908081054688,-0.000308990478515625,0.0085601806640625,0,
00:00:01.648,-0.00463485717773438,-0.000303268432617188,0.0085601806640625,0,
00:00:01.652,-0.00460624694824219,-0.0003204345703125,0.00856590270996094,0,
00:00:01.656,-0.00458335876464844,-0.000303268432617188,0.00857162475585938,0,
00:00:01.66,-0.00457763671875,-0.00029754638671875,0.00856590270996094,0,
00:00:01.664,-0.00457191467285156,-0.000303268432617188,0.00856590270996094,0,
00:00:01.668,-0.00458335876464844,-0.000314712524414063,0.00857162475585938,0,
00:00:01.672,-0.00457763671875,-0.000326156616210938,0.00857734680175781,0,
00:00:01.676,-0.00459480285644531,-0.000314712524414063,0.00856590270996094,0,
00:00:01.68,-0.00458908081054688,-0.000291824340820313,0.008514404296875,0,
00:00:01.684,-0.00457763671875,-0.000303268432617188,0.00854873657226563,0,
00:00:01.688,-0.00460624694824219,-0.0003204345703125,0.00860023498535156,0,
00:00:01.692,-0.00462913513183594,-0.000326156616210938,0.00858306884765625,0,
00:00:01.696,-0.00461196899414063,-0.000291824340820313,0.00857162475585938,0,
00:00:01.7,-0.00459480285644531,-0.000286102294921875,0.00856590270996094,0,
00:00:01.704,-0.00458908081054688,-0.000303268432617188,0.00856590270996094,0,
00:00:01.708,-0.00460052490234375,-0.0003204345703125,0.00853729248046875,0,
00:00:01.712,-0.00459480285644531,-0.000326156616210938,0.00850868225097656,0,
00:00:01.716,-0.00455474853515625,-0.000326156616210938,0.00860023498535156,0,
00:00:01.72,-0.00456047058105469,-0.000308990478515625,0.00859451293945313,0,
00:00:01.724,-0.00459480285644531,-0.000291824340820313,0.00855445861816406,0,
00:00:01.728,-0.00456047058105469,-0.000303268432617188,0.0085601806640625,0,
00:00:01.732,-0.00456047058105469,-0.000291824340820313,0.00854873657226563,0,
00:00:01.736,-0.00459480285644531,-0.000303268432617188,0.00854873657226563,0,
00:00:01.74,-0.00458335876464844,-0.000314712524414063,0.00857734680175781,0,
00:00:01.744,-0.00457763671875,-0.000326156616210938,0.00854873657226563,0,
00:00:01.748,-0.00458335876464844,-0.000314712524414063,0.00853729248046875,0,
00:00:01.752,-0.00458335876464844,-0.000303268432617188,0.0085601806640625,0,
00:00:01.756,-0.00458908081054688,-0.000308990478515625,0.00856590270996094,0,
00:00:01.76,-0.00458335876464844,-0.000314712524414063,0.0085601806640625,0,
00:00:01.764,-0.00458335876464844,-0.000303268432617188,0.00854873657226563,0,
00:00:01.768,-0.00458908081054688,-0.000303268432617188,0.00854301452636719,0,
00:00:01.772,-0.00459480285644531,-0.00029754638671875,0.00850868225097656,0,
00:00:01.776,-0.00458335876464844,-0.000291824340820313,0.00854301452636719,0,
00:00:01.78,-0.00456047058105469,-0.000314712524414063,0.00856590270996094,0,
00:00:01.784,-0.00458335876464844,-0.000331878662109375,0.00857162475585938,0,
00:00:01.788,-0.00461769104003906,-0.000314712524414063,0.00854301452636719,0,
00:00:01.792,-0.00461769104003906,-0.000303268432617188,0.0085601806640625,0,
00:00:01.796,-0.00461196899414063,-0.000303268432617188,0.00857162475585938,0,
00:00:01.8,-0.00461196899414063,-0.000280380249023438,0.00853729248046875,0,
00:00:01.804,-0.00457763671875,-0.000291824340820313,0.00852012634277344,0,
00:00:01.808,-0.00454330444335938,-0.000314712524414063,0.00855445861816406,0,
00:00:01.812,-0.00456047058105469,-0.0003204345703125,0.00853157043457031,0,
00:00:01.816,-0.00460624694824219,-0.000308990478515625,0.00854873657226563,0,
00:00:01.82,-0.00460052490234375,-0.000286102294921875,0.00855445861816406,0,
00:00:01.824,-0.00457763671875,-0.000286102294921875,0.00853157043457031,0,
00:00:01.828,-0.00457763671875,-0.000326156616210938,0.00849723815917969,0,
00:00:01.832,-0.00457191467285156,-0.000314712524414063,0.00855445861816406,0,
00:00:01.836,-0.00458335876464844,-0.00029754638671875,0.00854301452636719,0,
00:00:01.84,-0.00459480285644531,-0.000286102294921875,0.00854873657226563,0,
00:00:01.844,-0.00457763671875,-0.000274658203125,0.00854873657226563,0,
00:00:01.848,-0.00459480285644531,-0.000303268432617188,0.00854873657226563,0,
00:00:01.852,-0.00458908081054688,-0.000303268432617188,0.008514404296875,0,
00:00:01.856,-0.00456047058105469,-0.00029754638671875,0.00852584838867188,0,
00:00:01.86,-0.00456619262695313,-0.000303268432617188,0.00855445861816406,0,
00:00:01.864,-0.00457763671875,-0.000303268432617188,0.00853157043457031,0,
00:00:01.868,-0.00456619262695313,-0.00029754638671875,0.00850868225097656,0,
00:00:01.872,-0.00456047058105469,-0.000303268432617188,0.00853729248046875,0,
00:00:01.876,-0.00458908081054688,-0.000303268432617188,0.00855445861816406,0,
00:00:01.88,-0.00460052490234375,-0.000303268432617188,0.008514404296875,0,
00:00:01.884,-0.00458908081054688,-0.000291824340820313,0.00850296020507813,0,
00:00:01.888,-0.00458908081054688,-0.000303268432617188,0.0085601806640625,0,
00:00:01.892,-0.00457191467285156,-0.000303268432617188,0.0085601806640625,0,
00:00:01.896,-0.00458335876464844,-0.00029754638671875,0.00854873657226563,0,
00:00:01.9,-0.00459480285644531,-0.000303268432617188,0.00852584838867188,0,
00:00:01.904,-0.00456047058105469,-0.000303268432617188,0.00853157043457031,0,
00:00:01.908,-0.00457763671875,-0.000314712524414063,0.00852012634277344,0,
00:00:01.912,-0.00458335876464844,-0.000308990478515625,0.00854301452636719,0,
00:00:01.916,-0.00457763671875,-0.00029754638671875,0.00852584838867188,0,
00:00:01.92,-0.00457191467285156,-0.000303268432617188,0.00852012634277344,0,
00:00:01.924,-0.00457191467285156,-0.0003204345703125,0.00853729248046875,0,
00:00:01.928,-0.00457191467285156,-0.000303268432617188,0.00852584838867188,0,
00:00:01.932,-0.00457763671875,-0.000308990478515625,0.00853729248046875,0,
00:00:01.936,-0.00457763671875,-0.000280380249023438,0.00853729248046875,0,
00:00:01.94,-0.00456047058105469,-0.000286102294921875,0.00849151611328125,0,
00:00:01.944,-0.00454902648925781,-0.00029754638671875,0.00850296020507813,0,
00:00:01.948,-0.00458335876464844,-0.000286102294921875,0.0085601806640625,0,
00:00:01.952,-0.00459480285644531,-0.000314712524414063,0.00853157043457031,0,
00:00:01.956,-0.00458335876464844,-0.000303268432617188,0.00852012634277344,0,
00:00:01.96,-0.00457191467285156,-0.000303268432617188,0.008514404296875,0,
00:00:01.964,-0.00456047058105469,-0.0003204345703125,0.00850868225097656,0,
00:00:01.968,-0.00458335876464844,-0.000326156616210938,0.00853729248046875,0,
00:00:01.972,-0.00461196899414063,-0.000308990478515625,0.00852584838867188,0,
00:00:01.976,-0.00461196899414063,-0.000303268432617188,0.008514404296875,0,
00:00:01.98,-0.00458908081054688,-0.000303268432617188,0.00852584838867188,0,
00:00:01.984,-0.00457763671875,-0.000280380249023438,0.00854873657226563,0,
00:00:01.988,-0.00456047058105469,-0.000286102294921875,0.00850868225097656,0,
00:00:01.992,-0.00457191467285156,-0.000308990478515625,0.00849151611328125,0,
00:00:01.996,-0.00458335876464844,-0.000308990478515625,0.00849723815917969,0,
00:00:02,-0.00458908081054688,-0.000303268432617188,0.00852012634277344,0,
00:00:02.004,-0.00457763671875,-0.000303268432617188,0.00853729248046875,0,
00:00:02.008,-0.00458335876464844,-0.000303268432617188,0.00852584838867188,0,
00:00:02.012,-0.00456619262695313,-0.000314712524414063,0.008514404296875,0,
00:00:02.016,-0.00456619262695313,-0.000303268432617188,0.008514404296875,0,
00:00:02.02,-0.00457763671875,-0.00029754638671875,0.00850868225097656,0,
00:00:02.024,-0.00458908081054688,-0.000303268432617188,0.00850868225097656,0,
00:00:02.028,-0.00454902648925781,-0.000291824340820313,0.00849723815917969,0,
00:00:02.032,-0.00457191467285156,-0.000303268432617188,0.00852012634277344,0,
00:00:02.036,-0.00455474853515625,-0.000308990478515625,0.00850868225097656,0,
00:00:02.04,-0.0045318603515625,-0.00029754638671875,0.008514404296875,0,
00:00:02.044,-0.00456619262695313,-0.00029754638671875,0.00852012634277344,0,
00:00:02.048,-0.00456619262695313,-0.00029754638671875,0.00850296020507813,0,
00:00:02.052,-0.00458335876464844,-0.000303268432617188,0.00848579406738281,0,
00:00:02.056,-0.00457191467285156,-0.000308990478515625,0.008514404296875,0,
00:00:02.06,-0.00457191467285156,-0.000303268432617188,0.00849723815917969,0,
00:00:02.064,-0.00458908081054688,-0.000326156616210938,0.00850868225097656,0,
00:00:02.068,-0.00458908081054688,-0.000308990478515625,0.00850296020507813,0,
00:00:02.072,-0.00458908081054688,-0.000308990478515625,0.00852584838867188,0,
00:00:02.076,-0.00457191467285156,-0.000286102294921875,0.008514404296875,0,
00:00:02.08,-0.00457763671875,-0.000268936157226563,0.00853157043457031,0,
00:00:02.084,-0.00456619262695313,-0.000308990478515625,0.008514404296875,0,
00:00:02.088,-0.00453758239746094,-0.000303268432617188,0.00849723815917969,0,
00:00:02.092,-0.00457191467285156,-0.000308990478515625,0.00850296020507813,0,
00:00:02.096,-0.00457763671875,-0.000303268432617188,0.00849151611328125,0,
00:00:02.1,-0.00457763671875,-0.000303268432617188,0.008514404296875,0,
00:00:02.104,-0.00456619262695313,-0.000308990478515625,0.00848579406738281,0,
00:00:02.108,-0.00456619262695313,-0.000303268432617188,0.00847434997558594,0,
00:00:02.112,-0.00456619262695313,-0.000303268432617188,0.008514404296875,0,
00:00:02.116,-0.00457763671875,-0.000303268432617188,0.00853157043457031,0,
00:00:02.12,-0.00458908081054688,-0.000303268432617188,0.00850296020507813,0,
00:00:02.124,-0.00459480285644531,-0.000308990478515625,0.00852012634277344,0,
00:00:02.128,-0.00457191467285156,-0.00029754638671875,0.00849723815917969,0,
00:00:02.132,-0.00453758239746094,-0.000308990478515625,0.00850296020507813,0,
00:00:02.136,-0.00453758239746094,-0.000308990478515625,0.008514404296875,0,
00:00:02.14,-0.00457763671875,-0.0003204345703125,0.00850296020507813,0,
00:00:02.144,-0.00460052490234375,-0.0003204345703125,0.00849151611328125,0,
00:00:02.148,-0.00460052490234375,-0.00029754638671875,0.00848579406738281,0,
00:00:02.152,-0.00458335876464844,-0.000286102294921875,0.00849151611328125,0,
00:00:02.156,-0.00456619262695313,-0.00029754638671875,0.00846290588378906,0,
00:00:02.16,-0.00454330444335938,-0.000308990478515625,0.00852584838867188,0,
00:00:02.164,-0.00454330444335938,-0.000308990478515625,0.00852012634277344,0,
00:00:02.168,-0.00457191467285156,-0.00029754638671875,0.008514404296875,0,
00:00:02.172,-0.00457191467285156,-0.00029754638671875,0.00849151611328125,0,
00:00:02.176,-0.00458335876464844,-0.000303268432617188,0.00848579406738281,0,
00:00:02.18,-0.00455474853515625,-0.00029754638671875,0.00849151611328125,0,
00:00:02.184,-0.00456047058105469,-0.00029754638671875,0.00850868225097656,0,
00:00:02.188,-0.00457763671875,-0.000308990478515625,0.00850868225097656,0,
00:00:02.192,-0.00457763671875,-0.000314712524414063,0.00849151611328125,0,
00:00:02.196,-0.00455474853515625,-0.000303268432617188,0.00847434997558594,0,
00:00:02.2,-0.00455474853515625,-0.00029754638671875,0.00849151611328125,0,
00:00:02.204,-0.00456619262695313,-0.000291824340820313,0.00848579406738281,0,
00:00:02.208,-0.00457191467285156,-0.0003204345703125,0.0084686279296875,0,
00:00:02.212,-0.00456619262695313,-0.0003204345703125,0.00847434997558594,0,
00:00:02.216,-0.00458335876464844,-0.000314712524414063,0.00848579406738281,0,
00:00:02.22,-0.00457763671875,-0.000303268432617188,0.00849151611328125,0,
00:00:02.224,-0.00456619262695313,-0.000308990478515625,0.00849151611328125,0,
00:00:02.228,-0.00458335876464844,-0.00029754638671875,0.00847434997558594,0,
00:00:02.232,-0.00457763671875,-0.000286102294921875,0.00850868225097656,0,
00:00:02.236,-0.00456619262695313,-0.000291824340820313,0.00849723815917969,0,
00:00:02.24,-0.00456047058105469,-0.000308990478515625,0.00848579406738281,0,
00:00:02.244,-0.00456047058105469,-0.0003204345703125,0.00848007202148438,0,
00:00:02.248,-0.00457191467285156,-0.000314712524414063,0.00844573974609375,0,
00:00:02.252,-0.00460052490234375,-0.00029754638671875,0.00848007202148438,0,
00:00:02.256,-0.00458335876464844,-0.0003204345703125,0.00848579406738281,0,
00:00:02.26,-0.00456619262695313,-0.000308990478515625,0.00849723815917969,0,
00:00:02.264,-0.00456047058105469,-0.000286102294921875,0.00849151611328125,0,
00:00:02.268,-0.00452613830566406,-0.000291824340820313,0.00846290588378906,0,
00:00:02.272,-0.00454330444335938,-0.000303268432617188,0.00847434997558594,0,
00:00:02.276,-0.00455474853515625,-0.000303268432617188,0.00848579406738281,0,
00:00:02.28,-0.00454902648925781,-0.000308990478515625,0.00848579406738281,0,
00:00:02.284,-0.00456619262695313,-0.00029754638671875,0.00848007202148438,0,
00:00:02.288,-0.00458335876464844,-0.000308990478515625,0.00848007202148438,0,
00:00:02.292,-0.00454902648925781,-0.000314712524414063,0.00845718383789063,0,
00:00:02.296,-0.00456047058105469,-0.000314712524414063,0.00846290588378906,0,
00:00:02.3,-0.00456047058105469,-0.000308990478515625,0.00848579406738281,0,
00:00:02.304,-0.00454902648925781,-0.0003204345703125,0.00848579406738281,0,
00:00:02.308,-0.00455474853515625,-0.000314712524414063,0.00848007202148438,0,
00:00:02.312,-0.00456047058105469,-0.000314712524414063,0.0084686279296875,0,
00:00:02.316,-0.00457763671875,-0.000314712524414063,0.00845146179199219,0,
00:00:02.32,-0.00458908081054688,-0.000303268432617188,0.00846290588378906,0,
00:00:02.324,-0.00457763671875,-0.000303268432617188,0.00849723815917969,0,
00:00:02.328,-0.00454902648925781,-0.000303268432617188,0.00848579406738281,0,
00:00:02.332,-0.00455474853515625,-0.0003204345703125,0.00845146179199219,0,
00:00:02.336,-0.00456047058105469,-0.0003204345703125,0.00844001770019531,0,
00:00:02.34,-0.00457191467285156,-0.000303268432617188,0.00846290588378906,0,
00:00:02.344,-0.00457763671875,-0.000303268432617188,0.00847434997558594,0,
00:00:02.348,-0.00458335876464844,-0.000314712524414063,0.00846290588378906,0,
00:00:02.352,-0.00460052490234375,-0.000303268432617188,0.00845718383789063,0,
00:00:02.356,-0.00458335876464844,-0.000303268432617188,0.0084686279296875,0,
00:00:02.36,-0.00452613830566406,-0.000291824340820313,0.00846290588378906,0,
00:00:02.364,-0.00449752807617188,-0.00029754638671875,0.00846290588378906,0,
00:00:02.368,-0.00451469421386719,-0.000308990478515625,0.00847434997558594,0,
00:00:02.372,-0.00454902648925781,-0.0003204345703125,0.00848579406738281,0,
00:00:02.376,-0.00456047058105469,-0.0003204345703125,0.0084686279296875,0,
00:00:02.38,-0.00455474853515625,-0.000303268432617188,0.00845718383789063,0,
00:00:02.384,-0.00457191467285156,-0.000308990478515625,0.0084686279296875,0,
00:00:02.388,-0.00456619262695313,-0.000326156616210938,0.00849151611328125,0,
00:00:02.392,-0.00453758239746094,-0.000314712524414063,0.0084686279296875,0,
00:00:02.396,-0.00454330444335938,-0.000303268432617188,0.0084686279296875,0,
00:00:02.4,-0.00456047058105469,-0.00029754638671875,0.00845146179199219,0,
00:00:02.404,-0.00458908081054688,-0.00029754638671875,0.00846290588378906,0,
00:00:02.408,-0.00458335876464844,-0.000314712524414063,0.00844573974609375,0,
00:00:02.412,-0.00456047058105469,-0.000308990478515625,0.00845146179199219,0,
00:00:02.416,-0.00456047058105469,-0.000303268432617188,0.00844573974609375,0,
00:00:02.42,-0.00457763671875,-0.00029754638671875,0.0084686279296875,0,
00:00:02.424,-0.00455474853515625,-0.000303268432617188,0.00847434997558594,0,
00:00:02.428,-0.00452613830566406,-0.000308990478515625,0.00845146179199219,0,
00:00:02.432,-0.00452613830566406,-0.000326156616210938,0.00846290588378906,0,
00:00:02.436,-0.00456047058105469,-0.000314712524414063,0.00847434997558594,0,
00:00:02.44,-0.00459480285644531,-0.000314712524414063,0.00847434997558594,0,
00:00:02.444,-0.00460624694824219,-0.000308990478515625,0.00846290588378906,0,
00:00:02.448,-0.00454902648925781,-0.000286102294921875,0.00844001770019531,0,
00:00:02.452,-0.00452041625976563,-0.000291824340820313,0.00845146179199219,0,
00:00:02.456,-0.00452041625976563,-0.000337600708007813,0.00843429565429688,0,
00:00:02.46,-0.00453758239746094,-0.000303268432617188,0.00842857360839844,0,
00:00:02.464,-0.00452613830566406,-0.00029754638671875,0.00848579406738281,0,
00:00:02.468,-0.00453758239746094,-0.000308990478515625,0.00848007202148438,0,
00:00:02.472,-0.00456047058105469,-0.000326156616210938,0.00848579406738281,0,
00:00:02.476,-0.00457763671875,-0.0003204345703125,0.00846290588378906,0,
00:00:02.48,-0.00456619262695313,-0.00029754638671875,0.00846290588378906,0,
00:00:02.484,-0.00454902648925781,-0.00029754638671875,0.00847434997558594,0,
00:00:02.488,-0.00453758239746094,-0.000291824340820313,0.00845718383789063,0,
00:00:02.492,-0.00454902648925781,-0.00029754638671875,0.00844573974609375,0,
00:00:02.496,-0.00453758239746094,-0.000303268432617188,0.00843429565429688,0,
00:00:02.5,-0.00454902648925781,-0.000308990478515625,0.0084686279296875,0,
00:00:02.504,-0.00455474853515625,-0.000308990478515625,0.00847434997558594,0,
00:00:02.508,-0.00455474853515625,-0.000314712524414063,0.0084686279296875,0,
00:00:02.512,-0.00456047058105469,-0.000308990478515625,0.00845146179199219,0,
00:00:02.516,-0.00457763671875,-0.000308990478515625,0.0084686279296875,0,
00:00:02.52,-0.00456047058105469,-0.00029754638671875,0.00846290588378906,0,
00:00:02.524,-0.00453758239746094,-0.000303268432617188,0.00844573974609375,0,
00:00:02.528,-0.00453758239746094,-0.000331878662109375,0.00845718383789063,0,
00:00:02.532,-0.00456619262695313,-0.0003204345703125,0.00844001770019531,0,
00:00:02.536,-0.00458908081054688,-0.0003204345703125,0.0084228515625,0,
00:00:02.54,-0.00456047058105469,-0.000308990478515625,0.0084686279296875,0,
00:00:02.544,-0.00452613830566406,-0.00029754638671875,0.00845146179199219,0,
00:00:02.548,-0.00454330444335938,-0.000291824340820313,0.00841712951660156,0,
00:00:02.552,-0.00452613830566406,-0.000303268432617188,0.00845718383789063,0,
00:00:02.556,-0.00450897216796875,-0.000314712524414063,0.00846290588378906,0,
00:00:02.56,-0.00453758239746094,-0.000303268432617188,0.0084686279296875,0,
00:00:02.564,-0.00455474853515625,-0.0003204345703125,0.0084686279296875,0,
00:00:02.568,-0.00453758239746094,-0.000291824340820313,0.00845146179199219,0,
00:00:02.572,-0.00454902648925781,-0.000291824340820313,0.00846290588378906,0,
00:00:02.576,-0.00454330444335938,-0.000308990478515625,0.00846290588378906,0,
00:00:02.58,-0.00456047058105469,-0.000308990478515625,0.00846290588378906,0,
00:00:02.584,-0.00456619262695313,-0.000303268432617188,0.00846290588378906,0,
00:00:02.588,-0.00455474853515625,-0.000308990478515625,0.00845146179199219,0,
00:00:02.592,-0.00455474853515625,-0.000303268432617188,0.00844001770019531,0,
00:00:02.596,-0.00456047058105469,-0.000308990478515625,0.00844001770019531,0,
00:00:02.6,-0.00454902648925781,-0.000291824340820313,0.00843429565429688,0,
00:00:02.604,-0.00453758239746094,-0.000308990478515625,0.00841712951660156,0,
00:00:02.608,-0.0045318603515625,-0.000337600708007813,0.00843429565429688,0,
00:00:02.612,-0.0045318603515625,-0.000314712524414063,0.00845146179199219,0,
00:00:02.616,-0.00456047058105469,-0.000314712524414063,0.0084686279296875,0,
00:00:02.62,-0.00457191467285156,-0.000308990478515625,0.0084686279296875,0,
00:00:02.624,-0.00456619262695313,-0.00029754638671875,0.00842857360839844,0,
00:00:02.628,-0.00452613830566406,-0.000291824340820313,0.00844001770019531,0,
00:00:02.632,-0.00451469421386719,-0.00029754638671875,0.00843429565429688,0,
00:00:02.636,-0.00450325012207031,-0.000331878662109375,0.0084228515625,0,
00:00:02.64,-0.00450325012207031,-0.000314712524414063,0.00844001770019531,0,
00:00:02.644,-0.00453758239746094,-0.00029754638671875,0.00846290588378906,0,
00:00:02.648,-0.00456047058105469,-0.000314712524414063,0.00844001770019531,0,
00:00:02.652,-0.00454902648925781,-0.000308990478515625,0.00844573974609375,0,
00:00:02.656,-0.00454330444335938,-0.000303268432617188,0.00840568542480469,0,
00:00:02.66,-0.00455474853515625,-0.00029754638671875,0.0084228515625,0,
00:00:02.664,-0.00454902648925781,-0.000314712524414063,0.00845718383789063,0,
00:00:02.668,-0.00456047058105469,-0.000326156616210938,0.00845718383789063,0,
00:00:02.672,-0.00453758239746094,-0.000308990478515625,0.00846290588378906,0,
00:00:02.676,-0.00452041625976563,-0.000286102294921875,0.00845718383789063,0,
00:00:02.68,-0.00454902648925781,-0.00029754638671875,0.00843429565429688,0,
00:00:02.684,-0.00455474853515625,-0.000303268432617188,0.00843429565429688,0,
00:00:02.688,-0.00457191467285156,-0.000331878662109375,0.0084228515625,0,
00:00:02.692,-0.00454330444335938,-0.0003204345703125,0.00844001770019531,0,
00:00:02.696,-0.00455474853515625,-0.000308990478515625,0.00843429565429688,0,
00:00:02.7,-0.00457763671875,-0.000303268432617188,0.00844001770019531,0,
00:00:02.704,-0.00457763671875,-0.000308990478515625,0.00844573974609375,0,
00:00:02.708,-0.0045318603515625,-0.000303268432617188,0.00843429565429688,0,
00:00:02.712,-0.00452613830566406,-0.00029754638671875,0.00841712951660156,0,
00:00:02.716,-0.00450325012207031,-0.000291824340820313,0.00843429565429688,0,
00:00:02.72,-0.00450897216796875,-0.000303268432617188,0.00843429565429688,0,
00:00:02.724,-0.00452041625976563,-0.000314712524414063,0.00842857360839844,0,
00:00:02.728,-0.00452613830566406,-0.000303268432617188,0.00846290588378906,0,
00:00:02.732,-0.00454330444335938,-0.000331878662109375,0.00844573974609375,0,
00:00:02.736,-0.00452613830566406,-0.000354766845703125,0.00844001770019531,0,
00:00:02.74,-0.00453758239746094,-0.000286102294921875,0.00844573974609375,0,
00:00:02.744,-0.00454902648925781,-0.000280380249023438,0.00845146179199219,0,
00:00:02.748,-0.00454330444335938,-0.000274658203125,0.0084228515625,0,
00:00:02.752,-0.00453758239746094,-0.000291824340820313,0.00844001770019531,0,
00:00:02.756,-0.0045318603515625,-0.000286102294921875,0.00844001770019531,0,
00:00:02.76,-0.00453758239746094,-0.000303268432617188,0.00845718383789063,0,
00:00:02.764,-0.00454330444335938,-0.000314712524414063,0.00842857360839844,0,
00:00:02.768,-0.00454330444335938,-0.000303268432617188,0.00840568542480469,0,
00:00:02.772,-0.00454330444335938,-0.000303268432617188,0.00841140747070313,0,
00:00:02.776,-0.00454330444335938,-0.000286102294921875,0.00844001770019531,0,
00:00:02.78,-0.00455474853515625,-0.000308990478515625,0.0084228515625,0,
00:00:02.784,-0.0045318603515625,-0.000314712524414063,0.0084228515625,0,
00:00:02.788,-0.00454330444335938,-0.000303268432617188,0.00843429565429688,0,
00:00:02.792,-0.00457191467285156,-0.000308990478515625,0.00842857360839844,0,
00:00:02.796,-0.00454902648925781,-0.000303268432617188,0.00844001770019531,0,
00:00:02.8,-0.00452613830566406,-0.000308990478515625,0.00844573974609375,0,
00:00:02.804,-0.00452041625976563,-0.000314712524414063,0.00840568542480469,0,
00:00:02.808,-0.00452613830566406,-0.000280380249023438,0.00839996337890625,0,
00:00:02.812,-0.00450897216796875,-0.000291824340820313,0.00844573974609375,0,
00:00:02.816,-0.00452041625976563,-0.000303268432617188,0.00845718383789063,0,
00:00:02.82,-0.00453758239746094,-0.000308990478515625,0.00844001770019531,0,
00:00:02.824,-0.00455474853515625,-0.000308990478515625,0.0084228515625,0,
00:00:02.828,-0.00454330444335938,-0.00029754638671875,0.00840568542480469,0,
00:00:02.832,-0.00451469421386719,-0.000291824340820313,0.00843429565429688,0,
00:00:02.836,-0.00452041625976563,-0.00029754638671875,0.00842857360839844,0,
00:00:02.84,-0.00452613830566406,-0.00029754638671875,0.00842857360839844,0,
00:00:02.844,-0.0045318603515625,-0.000291824340820313,0.00840568542480469,0,
00:00:02.848,-0.00450325012207031,-0.000291824340820313,0.0084228515625,0,
00:00:02.852,-0.00452041625976563,-0.00029754638671875,0.00842857360839844,0,
00:00:02.856,-0.00455474853515625,-0.000291824340820313,0.00842857360839844,0,
00:00:02.86,-0.00453758239746094,-0.000314712524414063,0.0084228515625,0,
00:00:02.864,-0.00454330444335938,-0.000308990478515625,0.00841712951660156,0,
00:00:02.868,-0.00455474853515625,-0.000303268432617188,0.00843429565429688,0,
00:00:02.872,-0.00454902648925781,-0.000314712524414063,0.00840568542480469,0,
00:00:02.876,-0.00454330444335938,-0.000286102294921875,0.00840568542480469,0,
00:00:02.88,-0.00452041625976563,-0.000326156616210938,0.00840568542480469,0,
00:00:02.884,-0.00452613830566406,-0.000308990478515625,0.00839424133300781,0,
00:00:02.888,-0.00455474853515625,-0.000291824340820313,0.00838851928710938,0,
00:00:02.892,-0.00453758239746094,-0.00029754638671875,0.0084228515625,0,
00:00:02.896,-0.00449752807617188,-0.000308990478515625,0.00842857360839844,0,
00:00:02.9,-0.00449752807617188,-0.000308990478515625,0.00843429565429688,0,
00:00:02.904,-0.00452613830566406,-0.000308990478515625,0.00841712951660156,0,
00:00:02.908,-0.00454902648925781,-0.000308990478515625,0.00839424133300781,0,
00:00:02.912,-0.00453758239746094,-0.000303268432617188,0.00841140747070313,0,
00:00:02.916,-0.00450897216796875,-0.000303268432617188,0.00843429565429688,0,
00:00:02.92,-0.00452041625976563,-0.000303268432617188,0.00842857360839844,0,
00:00:02.924,-0.00455474853515625,-0.000286102294921875,0.00839996337890625,0,
00:00:02.928,-0.00455474853515625,-0.000291824340820313,0.00841712951660156,0,
00:00:02.932,-0.00452041625976563,-0.000314712524414063,0.0084228515625,0,
00:00:02.936,-0.004486083984375,-0.000308990478515625,0.00840568542480469,0,
00:00:02.94,-0.00449752807617188,-0.00029754638671875,0.00839996337890625,0,
00:00:02.944,-0.0045318603515625,-0.000303268432617188,0.00839996337890625,0,
00:00:02.948,-0.00454902648925781,-0.000314712524414063,0.00838851928710938,0,
00:00:02.952,-0.00453758239746094,-0.000303268432617188,0.00841140747070313,0,
00:00:02.956,-0.0045318603515625,-0.000286102294921875,0.0084228515625,0,
00:00:02.96,-0.00452041625976563,-0.000291824340820313,0.00840568542480469,0,
00:00:02.964,-0.00451469421386719,-0.0003204345703125,0.00838851928710938,0,
00:00:02.968,-0.00450897216796875,-0.000314712524414063,0.00839424133300781,0,
00:00:02.972,-0.00452613830566406,-0.000303268432617188,0.00838851928710938,0,
00:00:02.976,-0.00452613830566406,-0.0003204345703125,0.00840568542480469,0,
00:00:02.98,-0.00453758239746094,-0.000280380249023438,0.00841140747070313,0,
00:00:02.984,-0.00454330444335938,-0.000308990478515625,0.00841140747070313,0,
00:00:02.988,-0.00450325012207031,-0.000314712524414063,0.00842857360839844,0,
00:00:02.992,-0.00450897216796875,-0.000286102294921875,0.00841712951660156,0,
00:00:02.996,-0.00452613830566406,-0.00029754638671875,0.00839424133300781,0,
00:00:03,-0.0045318603515625,-0.000291824340820313,0.00835418701171875,0,
00:00:03.004,-0.00453758239746094,-0.000286102294921875,0.00840568542480469,0,
00:00:03.008,-0.0045318603515625,-0.00029754638671875,0.00841712951660156,0,
00:00:03.012,-0.00452613830566406,-0.000303268432617188,0.00841712951660156,0,
00:00:03.016,-0.00451469421386719,-0.00029754638671875,0.00841712951660156,0,
00:00:03.02,-0.00449752807617188,-0.000308990478515625,0.00839424133300781,0,
00:00:03.024,-0.004486083984375,-0.000314712524414063,0.00839424133300781,0,
00:00:03.028,-0.00452613830566406,-0.000314712524414063,0.00838851928710938,0,
00:00:03.032,-0.00453758239746094,-0.000314712524414063,0.00839996337890625,0,
00:00:03.036,-0.00452041625976563,-0.000291824340820313,0.00841140747070313,0,
00:00:03.04,-0.00450897216796875,-0.000286102294921875,0.00839996337890625,0,
00:00:03.044,-0.00451469421386719,-0.000286102294921875,0.00838279724121094,0,
00:00:03.048,-0.00450897216796875,-0.00029754638671875,0.00837135314941406,0,
00:00:03.052,-0.00450325012207031,-0.000314712524414063,0.00836563110351563,0,
00:00:03.056,-0.00452041625976563,-0.000286102294921875,0.00839996337890625,0,
00:00:03.06,-0.00452041625976563,-0.000291824340820313,0.00842857360839844,0,
00:00:03.064,-0.00452041625976563,-0.000314712524414063,0.00841712951660156,0,
00:00:03.068,-0.00450897216796875,-0.000314712524414063,0.00839996337890625,0,
00:00:03.072,-0.0045318603515625,-0.00029754638671875,0.00838851928710938,0,
00:00:03.076,-0.0045318603515625,-0.000314712524414063,0.00841140747070313,0,
00:00:03.08,-0.00452613830566406,-0.00029754638671875,0.00839996337890625,0,
00:00:03.084,-0.00454330444335938,-0.00029754638671875,0.00836563110351563,0,
00:00:03.088,-0.00453758239746094,-0.000314712524414063,0.00838851928710938,0,
00:00:03.092,-0.00449752807617188,-0.00029754638671875,0.00838851928710938,0,
00:00:03.096,-0.004486083984375,-0.000286102294921875,0.00839996337890625,0,
00:00:03.1,-0.00449752807617188,-0.000291824340820313,0.0083770751953125,0,
00:00:03.104,-0.00450897216796875,-0.000286102294921875,0.00839424133300781,0,
00:00:03.108,-0.00449752807617188,-0.000291824340820313,0.0083770751953125,0,
00:00:03.112,-0.00450897216796875,-0.000291824340820313,0.00838279724121094,0,
00:00:03.116,-0.00453758239746094,-0.000308990478515625,0.00837135314941406,0,
00:00:03.12,-0.00454330444335938,-0.00029754638671875,0.00839996337890625,0,
00:00:03.124,-0.00450897216796875,-0.000303268432617188,0.00838279724121094,0,
00:00:03.128,-0.00452041625976563,-0.000314712524414063,0.00835990905761719,0,
00:00:03.132,-0.00450325012207031,-0.00029754638671875,0.00840568542480469,0,
00:00:03.136,-0.00452041625976563,-0.000303268432617188,0.00840568542480469,0,
00:00:03.14,-0.00452041625976563,-0.00029754638671875,0.0083770751953125,0,
00:00:03.144,-0.0045318603515625,-0.000286102294921875,0.00835990905761719,0,
00:00:03.148,-0.00452041625976563,-0.000286102294921875,0.00839996337890625,0,
00:00:03.152,-0.00449180603027344,-0.000303268432617188,0.00840568542480469,0,
00:00:03.156,-0.00448036193847656,-0.000291824340820313,0.00840568542480469,0,
00:00:03.16,-0.00449752807617188,-0.000303268432617188,0.0083770751953125,0,
00:00:03.164,-0.00450897216796875,-0.000314712524414063,0.00834846496582031,0,
00:00:03.168,-0.0045318603515625,-0.000308990478515625,0.00838851928710938,0,
00:00:03.172,-0.00453758239746094,-0.000314712524414063,0.0084228515625,0,
00:00:03.176,-0.00454330444335938,-0.000303268432617188,0.00839424133300781,0,
00:00:03.18,-0.00454902648925781,-0.00029754638671875,0.00837135314941406,0,
00:00:03.184,-0.00451469421386719,-0.000303268432617188,0.00836563110351563,0,
00:00:03.188,-0.00450325012207031,-0.000303268432617188,0.00837135314941406,0,
00:00:03.192,-0.00449180603027344,-0.00029754638671875,0.00838851928710938,0,
00:00:03.196,-0.00449180603027344,-0.000291824340820313,0.00839424133300781,0,
00:00:03.2,-0.00451469421386719,-0.000303268432617188,0.0083770751953125,0,
00:00:03.204,-0.00450325012207031,-0.000303268432617188,0.00836563110351563,0,
00:00:03.208,-0.00450897216796875,-0.000314712524414063,0.00838851928710938,0,
00:00:03.212,-0.00450325012207031,-0.000303268432617188,0.0083770751953125,0,
00:00:03.216,-0.00449752807617188,-0.000303268432617188,0.00834846496582031,0,
00:00:03.22,-0.00450897216796875,-0.0003204345703125,0.00832557678222656,0,
00:00:03.224,-0.0045318603515625,-0.000308990478515625,0.0084228515625,0,
00:00:03.228,-0.00453758239746094,-0.00029754638671875,0.00840568542480469,0,
00:00:03.232,-0.00452041625976563,-0.000286102294921875,0.00839424133300781,0,
00:00:03.236,-0.00449180603027344,-0.000303268432617188,0.00837135314941406,0,
00:00:03.24,-0.004486083984375,-0.000308990478515625,0.00836563110351563,0,
00:00:03.244,-0.00449180603027344,-0.000286102294921875,0.0083770751953125,0,
00:00:03.248,-0.00450325012207031,-0.000291824340820313,0.00838851928710938,0,
00:00:03.252,-0.00450897216796875,-0.000303268432617188,0.00838279724121094,0,
00:00:03.256,-0.00450897216796875,-0.000314712524414063,0.00837135314941406,0,
00:00:03.26,-0.00450897216796875,-0.00029754638671875,0.00835418701171875,0,
00:00:03.264,-0.00453758239746094,-0.000303268432617188,0.00838279724121094,0,
00:00:03.268,-0.0045318603515625,-0.000308990478515625,0.00836563110351563,0,
00:00:03.272,-0.00452041625976563,-0.00029754638671875,0.00837135314941406,0,
00:00:03.276,-0.0045318603515625,-0.000280380249023438,0.00835990905761719,0,
00:00:03.28,-0.00452613830566406,-0.000314712524414063,0.00838851928710938,0,
00:00:03.284,-0.00451469421386719,-0.000303268432617188,0.00838851928710938,0,
00:00:03.288,-0.00449180603027344,-0.000308990478515625,0.00838279724121094,0,
00:00:03.292,-0.00446319580078125,-0.000308990478515625,0.00835418701171875,0,
00:00:03.296,-0.00448036193847656,-0.000308990478515625,0.00834846496582031,0,
00:00:03.3,-0.00451469421386719,-0.000308990478515625,0.00836563110351563,0,
00:00:03.304,-0.00451469421386719,-0.0003204345703125,0.00838279724121094,0,
00:00:03.308,-0.00451469421386719,-0.000291824340820313,0.0083770751953125,0,
00:00:03.312,-0.00452613830566406,-0.000291824340820313,0.00837135314941406,0,
00:00:03.316,-0.00450897216796875,-0.000308990478515625,0.00838279724121094,0,
00:00:03.32,-0.00451469421386719,-0.00029754638671875,0.0083770751953125,0,
00:00:03.324,-0.00452041625976563,-0.000308990478515625,0.00834846496582031,0,
00:00:03.328,-0.00450325012207031,-0.0003204345703125,0.00835990905761719,0,
00:00:03.332,-0.00450325012207031,-0.000308990478515625,0.00837135314941406,0,
00:00:03.336,-0.00449752807617188,-0.000286102294921875,0.00838279724121094,0,
00:00:03.34,-0.004486083984375,-0.00029754638671875,0.00835418701171875,0,
00:00:03.344,-0.004486083984375,-0.000308990478515625,0.00837135314941406,0,
00:00:03.348,-0.00452041625976563,-0.00029754638671875,0.00836563110351563,0,
00:00:03.352,-0.00452041625976563,-0.00029754638671875,0.00834846496582031,0,
00:00:03.356,-0.00447463989257813,-0.000291824340820313,0.00835990905761719,0,
00:00:03.36,-0.00447463989257813,-0.000314712524414063,0.00835418701171875,0,
00:00:03.364,-0.0045318603515625,-0.0003204345703125,0.00835418701171875,0,
00:00:03.368,-0.00454902648925781,-0.000308990478515625,0.0083770751953125,0,
00:00:03.372,-0.00452613830566406,-0.00029754638671875,0.0083770751953125,0,
00:00:03.376,-0.00452613830566406,-0.000303268432617188,0.008331298828125,0,
00:00:03.38,-0.00452041625976563,-0.000303268432617188,0.00836563110351563,0,
00:00:03.384,-0.00449180603027344,-0.000286102294921875,0.00839996337890625,0,
00:00:03.388,-0.00449180603027344,-0.000286102294921875,0.00836563110351563,0,
00:00:03.392,-0.00449752807617188,-0.00029754638671875,0.00835990905761719,0,
00:00:03.396,-0.00449752807617188,-0.00029754638671875,0.00834274291992188,0,
00:00:03.4,-0.00450897216796875,-0.000274658203125,0.00837135314941406,0,
00:00:03.404,-0.00450897216796875,-0.000314712524414063,0.00839424133300781,0,
00:00:03.408,-0.00449752807617188,-0.000303268432617188,0.00836563110351563,0,
00:00:03.412,-0.00450897216796875,-0.000303268432617188,0.00834274291992188,0,
00:00:03.416,-0.00449752807617188,-0.000303268432617188,0.00832557678222656,0,
00:00:03.42,-0.00449752807617188,-0.000274658203125,0.00834274291992188,0,
00:00:03.424,-0.00450897216796875,-0.000314712524414063,0.00837135314941406,0,
00:00:03.428,-0.004486083984375,-0.000326156616210938,0.00837135314941406,0,
00:00:03.432,-0.00450897216796875,-0.000308990478515625,0.00833702087402344,0,
00:00:03.436,-0.00450897216796875,-0.000314712524414063,0.00836563110351563,0,
00:00:03.44,-0.00450897216796875,-0.00029754638671875,0.00835418701171875,0,
00:00:03.444,-0.0045318603515625,-0.000303268432617188,0.00834274291992188,0,
00:00:03.448,-0.00452613830566406,-0.000291824340820313,0.00835418701171875,0,
00:00:03.452,-0.00452041625976563,-0.00029754638671875,0.00838279724121094,0,
00:00:03.456,-0.00449752807617188,-0.0003204345703125,0.00836563110351563,0,
00:00:03.46,-0.00452041625976563,-0.000303268432617188,0.00832557678222656,0,
00:00:03.464,-0.00450897216796875,-0.00029754638671875,0.00835418701171875,0,
00:00:03.468,-0.00448036193847656,-0.000286102294921875,0.00835418701171875,0,
00:00:03.472,-0.00446319580078125,-0.00029754638671875,0.00837135314941406,0,
00:00:03.476,-0.00449752807617188,-0.000308990478515625,0.00837135314941406,0,
00:00:03.48,-0.00452041625976563,-0.000303268432617188,0.008331298828125,0,
00:00:03.484,-0.00450325012207031,-0.00029754638671875,0.008331298828125,0,
00:00:03.488,-0.00450897216796875,-0.00029754638671875,0.00833702087402344,0,
00:00:03.492,-0.00452613830566406,-0.00029754638671875,0.0083770751953125,0,
00:00:03.496,-0.00449752807617188,-0.000286102294921875,0.00836563110351563,0,
00:00:03.5,-0.00449180603027344,-0.000291824340820313,0.00835418701171875,0,
00:00:03.504,-0.00450325012207031,-0.000314712524414063,0.00834846496582031,0,
00:00:03.508,-0.00450325012207031,-0.000308990478515625,0.00835418701171875,0,
00:00:03.512,-0.00449752807617188,-0.00029754638671875,0.00836563110351563,0,
00:00:03.516,-0.00449180603027344,-0.000303268432617188,0.00834274291992188,0,
00:00:03.52,-0.004486083984375,-0.000303268432617188,0.00834274291992188,0,
00:00:03.524,-0.00448036193847656,-0.000303268432617188,0.00835418701171875,0,
00:00:03.528,-0.00450897216796875,-0.000291824340820313,0.00834846496582031,0,
00:00:03.532,-0.004486083984375,-0.000280380249023438,0.00833702087402344,0,
00:00:03.536,-0.00449180603027344,-0.000303268432617188,0.00833702087402344,0,
00:00:03.54,-0.00452041625976563,-0.000314712524414063,0.00834274291992188,0,
00:00:03.544,-0.00452613830566406,-0.000331878662109375,0.00833702087402344,0,
00:00:03.548,-0.00452613830566406,-0.0003204345703125,0.00834274291992188,0,
00:00:03.552,-0.00450325012207031,-0.000291824340820313,0.00836563110351563,0,
00:00:03.556,-0.00450325012207031,-0.000291824340820313,0.00837135314941406,0,
00:00:03.56,-0.00449180603027344,-0.000308990478515625,0.00835418701171875,0,
00:00:03.564,-0.00450897216796875,-0.000291824340820313,0.00832557678222656,0,
00:00:03.568,-0.00450897216796875,-0.00029754638671875,0.00834274291992188,0,
00:00:03.572,-0.00450897216796875,-0.000303268432617188,0.00834846496582031,0,
00:00:03.576,-0.00452613830566406,-0.00029754638671875,0.00835418701171875,0,
00:00:03.58,-0.0045318603515625,-0.000303268432617188,0.00835418701171875,0,
00:00:03.584,-0.004486083984375,-0.00029754638671875,0.00834846496582031,0,
00:00:03.588,-0.00445747375488281,-0.000291824340820313,0.00835990905761719,0,
00:00:03.592,-0.00446891784667969,-0.000303268432617188,0.00834846496582031,0,
00:00:03.596,-0.004486083984375,-0.000303268432617188,0.00834274291992188,0,
00:00:03.6,-0.00450325012207031,-0.000303268432617188,0.00833702087402344,0,
00:00:03.604,-0.00450897216796875,-0.000314712524414063,0.00831985473632813,0,
00:00:03.608,-0.00451469421386719,-0.000308990478515625,0.00835418701171875,0,
00:00:03.612,-0.00449180603027344,-0.000286102294921875,0.00839424133300781,0,
00:00:03.616,-0.00449752807617188,-0.00029754638671875,0.00835990905761719,0,
00:00:03.62,-0.004486083984375,-0.000303268432617188,0.00830268859863281,0,
00:00:03.624,-0.00450897216796875,-0.000286102294921875,0.00831985473632813,0,
00:00:03.628,-0.00450325012207031,-0.00029754638671875,0.00833702087402344,0,
00:00:03.632,-0.00447463989257813,-0.000308990478515625,0.00834846496582031,0,
00:00:03.636,-0.00449180603027344,-0.000303268432617188,0.00836563110351563,0,
00:00:03.64,-0.00452041625976563,-0.000303268432617188,0.00834846496582031,0,
00:00:03.644,-0.00453758239746094,-0.000291824340820313,0.00831985473632813,0,
00:00:03.648,-0.00451469421386719,-0.000291824340820313,0.00834846496582031,0,
00:00:03.652,-0.00446319580078125,-0.000308990478515625,0.00834274291992188,0,
00:00:03.656,-0.00448036193847656,-0.000303268432617188,0.00837135314941406,0,
00:00:03.66,-0.00449180603027344,-0.00029754638671875,0.00835990905761719,0,
00:00:03.664,-0.00452041625976563,-0.00029754638671875,0.00832557678222656,0,
00:00:03.668,-0.00451469421386719,-0.000291824340820313,0.008331298828125,0,
00:00:03.672,-0.004486083984375,-0.000286102294921875,0.00835990905761719,0,
00:00:03.676,-0.00447463989257813,-0.000286102294921875,0.00835418701171875,0,
00:00:03.68,-0.00449180603027344,-0.000308990478515625,0.008331298828125,0,
00:00:03.684,-0.00450325012207031,-0.000308990478515625,0.00831413269042969,0,
00:00:03.688,-0.00449752807617188,-0.000303268432617188,0.00830841064453125,0,
00:00:03.692,-0.00446319580078125,-0.000303268432617188,0.00832557678222656,0,
00:00:03.696,-0.00449752807617188,-0.000280380249023438,0.00834274291992188,0,
00:00:03.7,-0.00450897216796875,-0.000308990478515625,0.00835990905761719,0,
00:00:03.704,-0.00449180603027344,-0.000308990478515625,0.00834274291992188,0,
00:00:03.708,-0.00449180603027344,-0.000303268432617188,0.00832557678222656,0,
00:00:03.712,-0.00450325012207031,-0.000308990478515625,0.00833702087402344,0,
00:00:03.716,-0.00450325012207031,-0.000303268432617188,0.00834846496582031,0,
00:00:03.72,-0.00450897216796875,-0.000286102294921875,0.00834274291992188,0,
00:00:03.724,-0.00449752807617188,-0.00029754638671875,0.00834846496582031,0,
00:00:03.728,-0.004486083984375,-0.000308990478515625,0.00832557678222656,0,
00:00:03.732,-0.00449180603027344,-0.000308990478515625,0.00831985473632813,0,
00:00:03.736,-0.00451469421386719,-0.000291824340820313,0.00833702087402344,0,
00:00:03.74,-0.00449752807617188,-0.00029754638671875,0.008331298828125,0,
00:00:03.744,-0.00447463989257813,-0.00029754638671875,0.00831413269042969,0,
00:00:03.748,-0.00449180603027344,-0.000308990478515625,0.00834274291992188,0,
00:00:03.752,-0.00452041625976563,-0.00029754638671875,0.008331298828125,0,
00:00:03.756,-0.00452041625976563,-0.000291824340820313,0.00832557678222656,0,
00:00:03.76,-0.00449752807617188,-0.000286102294921875,0.00831413269042969,0,
00:00:03.764,-0.00448036193847656,-0.000286102294921875,0.00834846496582031,0,
00:00:03.768,-0.00446891784667969,-0.000308990478515625,0.00834846496582031,0,
00:00:03.772,-0.00447463989257813,-0.000303268432617188,0.00832557678222656,0,
00:00:03.776,-0.00447463989257813,-0.000286102294921875,0.00830841064453125,0,
00:00:03.78,-0.004486083984375,-0.000274658203125,0.00831413269042969,0,
00:00:03.784,-0.00449180603027344,-0.000303268432617188,0.00832557678222656,0,
00:00:03.788,-0.00448036193847656,-0.00029754638671875,0.00831985473632813,0,
00:00:03.792,-0.00447463989257813,-0.000291824340820313,0.00829696655273438,0,
00:00:03.796,-0.00449180603027344,-0.00029754638671875,0.0082855224609375,0,
00:00:03.8,-0.00450897216796875,-0.000308990478515625,0.00834274291992188,0,
00:00:03.804,-0.00449752807617188,-0.000314712524414063,0.008331298828125,0,
00:00:03.808,-0.00449180603027344,-0.000314712524414063,0.00833702087402344,0,
00:00:03.812,-0.004486083984375,-0.000303268432617188,0.00834274291992188,0,
00:00:03.816,-0.00450897216796875,-0.000291824340820313,0.008331298828125,0,
00:00:03.82,-0.00450325012207031,-0.00029754638671875,0.00831985473632813,0,
00:00:03.824,-0.00450897216796875,-0.0003204345703125,0.008331298828125,0,
00:00:03.828,-0.00449180603027344,-0.000308990478515625,0.00832557678222656,0,
00:00:03.832,-0.004486083984375,-0.000291824340820313,0.00829696655273438,0,
00:00:03.836,-0.00449752807617188,-0.000291824340820313,0.00830268859863281,0,
00:00:03.84,-0.00450897216796875,-0.000308990478515625,0.00833702087402344,0,
00:00:03.844,-0.00450325012207031,-0.000308990478515625,0.00832557678222656,0,
00:00:03.848,-0.00450325012207031,-0.000280380249023438,0.00831413269042969,0,
00:00:03.852,-0.00446891784667969,-0.000280380249023438,0.00830268859863281,0,
00:00:03.856,-0.00444602966308594,-0.000291824340820313,0.00829696655273438,0,
00:00:03.86,-0.00448036193847656,-0.000308990478515625,0.00831985473632813,0,
00:00:03.864,-0.004486083984375,-0.000286102294921875,0.00832557678222656,0,
00:00:03.868,-0.00449180603027344,-0.00029754638671875,0.00832557678222656,0,
00:00:03.872,-0.00446319580078125,-0.000291824340820313,0.00829124450683594,0,
00:00:03.876,-0.00446891784667969,-0.000286102294921875,0.00831413269042969,0,
00:00:03.88,-0.00450325012207031,-0.000280380249023438,0.00835418701171875,0,
00:00:03.884,-0.00449752807617188,-0.00029754638671875,0.00832557678222656,0,
00:00:03.888,-0.004486083984375,-0.000326156616210938,0.00831985473632813,0,
00:00:03.892,-0.004486083984375,-0.000303268432617188,0.00831413269042969,0,
00:00:03.896,-0.00449752807617188,-0.00029754638671875,0.00830841064453125,0,
00:00:03.9,-0.004486083984375,-0.000291824340820313,0.00829124450683594,0,
00:00:03.904,-0.00448036193847656,-0.000291824340820313,0.00831985473632813,0,
00:00:03.908,-0.00447463989257813,-0.000303268432617188,0.00832557678222656,0,
00:00:03.912,-0.004486083984375,-0.000291824340820313,0.00831413269042969,0,
00:00:03.916,-0.00449752807617188,-0.000280380249023438,0.00832557678222656,0,
00:00:03.92,-0.00449180603027344,-0.000286102294921875,0.00830268859863281,0,
00:00:03.924,-0.00447463989257813,-0.000314712524414063,0.00827980041503906,0,
00:00:03.928,-0.00446319580078125,-0.000291824340820313,0.00830268859863281,0,
00:00:03.932,-0.004486083984375,-0.000291824340820313,0.00832557678222656,0,
00:00:03.936,-0.00451469421386719,-0.000286102294921875,0.00831985473632813,0,
00:00:03.94,-0.00452613830566406,-0.000286102294921875,0.00834274291992188,0,
00:00:03.944,-0.00449180603027344,-0.000303268432617188,0.00830268859863281,0,
00:00:03.948,-0.00447463989257813,-0.000291824340820313,0.00829696655273438,0,
00:00:03.952,-0.004486083984375,-0.000291824340820313,0.00832557678222656,0,
00:00:03.956,-0.00446891784667969,-0.000286102294921875,0.00831413269042969,0,
00:00:03.96,-0.00446891784667969,-0.000303268432617188,0.00830268859863281,0,
00:00:03.964,-0.00446891784667969,-0.000314712524414063,0.00831413269042969,0,
00:00:03.968,-0.00448036193847656,-0.000286102294921875,0.00829696655273438,0,
00:00:03.972,-0.00449752807617188,-0.00029754638671875,0.00830268859863281,0,
00:00:03.976,-0.00449180603027344,-0.000286102294921875,0.00831413269042969,0,
00:00:03.98,-0.00449180603027344,-0.000274658203125,0.00830841064453125,0,
00:00:03.984,-0.00449180603027344,-0.000280380249023438,0.00830841064453125,0,
00:00:03.988,-0.00446891784667969,-0.0003204345703125,0.00830268859863281,0,
00:00:03.992,-0.004486083984375,-0.00029754638671875,0.00831985473632813,0,
00:00:03.996,-0.00449180603027344,-0.000291824340820313,0.008331298828125,0,
00:00:04,-0.004486083984375,-0.000303268432617188,0.00829696655273438,0,
00:00:04.004,-0.00447463989257813,-0.000286102294921875,0.00829124450683594,0,
00:00:04.008,-0.00446891784667969,-0.000291824340820313,0.00831413269042969,0,
00:00:04.012,-0.00445747375488281,-0.000274658203125,0.00830268859863281,0,
00:00:04.016,-0.00446891784667969,-0.000268936157226563,0.00827980041503906,0,
00:00:04.02,-0.00448036193847656,-0.000291824340820313,0.00827980041503906,0,
00:00:04.024,-0.00450325012207031,-0.00029754638671875,0.00831985473632813,0,
00:00:04.028,-0.004486083984375,-0.000286102294921875,0.00830268859863281,0,
00:00:04.032,-0.00446891784667969,-0.000303268432617188,0.00831985473632813,0,
00:00:04.036,-0.00446891784667969,-0.000303268432617188,0.00830268859863281,0,
00:00:04.04,-0.00449752807617188,-0.000274658203125,0.00831413269042969,0,
00:00:04.044,-0.00449752807617188,-0.000291824340820313,0.00830268859863281,0,
00:00:04.048,-0.00446319580078125,-0.000303268432617188,0.00830841064453125,0,
00:00:04.052,-0.00446891784667969,-0.000308990478515625,0.00831985473632813,0,
00:00:04.056,-0.004486083984375,-0.000268936157226563,0.00831985473632813,0,
00:00:04.06,-0.00452041625976563,-0.000280380249023438,0.00829124450683594,0,
00:00:04.064,-0.004486083984375,-0.00029754638671875,0.0082855224609375,0,
00:00:04.068,-0.00447463989257813,-0.000286102294921875,0.00829696655273438,0,
00:00:04.072,-0.00449180603027344,-0.000291824340820313,0.0082855224609375,0,
00:00:04.076,-0.00448036193847656,-0.000291824340820313,0.00831413269042969,0,
00:00:04.08,-0.00449180603027344,-0.00029754638671875,0.00831985473632813,0,
00:00:04.084,-0.00446891784667969,-0.00029754638671875,0.00831985473632813,0,
00:00:04.088,-0.00447463989257813,-0.000303268432617188,0.00830268859863281,0,
00:00:04.092,-0.00449180603027344,-0.000291824340820313,0.00830268859863281,0,
00:00:04.096,-0.00447463989257813,-0.000286102294921875,0.00830841064453125,0,
00:00:04.1,-0.00446319580078125,-0.000291824340820313,0.00829124450683594,0,
00:00:04.104,-0.00447463989257813,-0.000291824340820313,0.00829124450683594,0,
00:00:04.108,-0.004486083984375,-0.000286102294921875,0.00831413269042969,0,
00:00:04.112,-0.004486083984375,-0.000291824340820313,0.00834274291992188,0,
00:00:04.116,-0.00449180603027344,-0.000291824340820313,0.00831985473632813,0,
00:00:04.12,-0.004486083984375,-0.000291824340820313,0.00829124450683594,0,
00:00:04.124,-0.004486083984375,-0.000286102294921875,0.00827407836914063,0,
00:00:04.128,-0.00446319580078125,-0.00029754638671875,0.00830268859863281,0,
00:00:04.132,-0.00446319580078125,-0.000268936157226563,0.00830841064453125,0,
00:00:04.136,-0.00446891784667969,-0.000268936157226563,0.00830841064453125,0,
00:00:04.14,-0.00445747375488281,-0.000286102294921875,0.00830841064453125,0,
00:00:04.144,-0.00446891784667969,-0.000308990478515625,0.00830268859863281,0,
00:00:04.148,-0.00445747375488281,-0.000314712524414063,0.0082855224609375,0,
00:00:04.152,-0.004486083984375,-0.000280380249023438,0.00833702087402344,0,
00:00:04.156,-0.00450897216796875,-0.000263214111328125,0.00831985473632813,0,
00:00:04.16,-0.00450325012207031,-0.000308990478515625,0.00827407836914063,0,
00:00:04.164,-0.004486083984375,-0.000308990478515625,0.00829124450683594,0,
00:00:04.168,-0.00446891784667969,-0.000291824340820313,0.00832557678222656,0,
00:00:04.172,-0.00447463989257813,-0.000286102294921875,0.00831413269042969,0,
00:00:04.176,-0.00448036193847656,-0.000268936157226563,0.00830268859863281,0,
00:00:04.18,-0.00448036193847656,-0.000280380249023438,0.00827980041503906,0,
00:00:04.184,-0.00446319580078125,-0.00029754638671875,0.00826835632324219,0,
00:00:04.188,-0.00445747375488281,-0.000303268432617188,0.00831985473632813,0,
00:00:04.192,-0.00446891784667969,-0.000308990478515625,0.00830268859863281,0,
00:00:04.196,-0.00448036193847656,-0.000286102294921875,0.00830841064453125,0,
00:00:04.2,-0.00450325012207031,-0.000280380249023438,0.00831413269042969,0,
00:00:04.204,-0.00450897216796875,-0.000286102294921875,0.00830268859863281,0,
00:00:04.208,-0.00447463989257813,-0.000280380249023438,0.00829696655273438,0,
00:00:04.212,-0.00444602966308594,-0.000286102294921875,0.00831413269042969,0,
00:00:04.216,-0.00444602966308594,-0.000286102294921875,0.0082855224609375,0,
00:00:04.22,-0.00449180603027344,-0.00029754638671875,0.00827980041503906,0,
00:00:04.224,-0.00449752807617188,-0.00029754638671875,0.00832557678222656,0,
00:00:04.228,-0.00450325012207031,-0.000274658203125,0.00830268859863281,0,
00:00:04.232,-0.00445747375488281,-0.000286102294921875,0.00830268859863281,0,
00:00:04.236,-0.00444602966308594,-0.000303268432617188,0.00831985473632813,0,
00:00:04.24,-0.00446891784667969,-0.000303268432617188,0.00831413269042969,0,
00:00:04.244,-0.004486083984375,-0.000280380249023438,0.00831985473632813,0,
00:00:04.248,-0.00448036193847656,-0.000268936157226563,0.00830841064453125,0,
00:00:04.252,-0.00449180603027344,-0.000268936157226563,0.00830268859863281,0,
00:00:04.256,-0.00446891784667969,-0.000291824340820313,0.00830841064453125,0,
00:00:04.26,-0.00446891784667969,-0.000303268432617188,0.00830268859863281,0,
00:00:04.264,-0.00448036193847656,-0.000286102294921875,0.00830841064453125,0,
00:00:04.268,-0.00447463989257813,-0.000280380249023438,0.00831985473632813,0,
00:00:04.272,-0.00443458557128906,-0.000268936157226563,0.00829696655273438,0,
00:00:04.276,-0.00444602966308594,-0.000280380249023438,0.00829124450683594,0,
00:00:04.28,-0.004486083984375,-0.00029754638671875,0.00827407836914063,0,
00:00:04.284,-0.00449752807617188,-0.000291824340820313,0.00826263427734375,0,
00:00:04.288,-0.00450897216796875,-0.000291824340820313,0.00831413269042969,0,
00:00:04.292,-0.00448036193847656,-0.000274658203125,0.00832557678222656,0,
00:00:04.296,-0.00445747375488281,-0.000286102294921875,0.00829124450683594,0,
00:00:04.3,-0.00445175170898438,-0.00029754638671875,0.00833702087402344,0,
00:00:04.304,-0.00445747375488281,-0.000291824340820313,0.00831413269042969,0,
00:00:04.308,-0.00448036193847656,-0.000286102294921875,0.00827980041503906,0,
00:00:04.312,-0.004486083984375,-0.000286102294921875,0.00830841064453125,0,
00:00:04.316,-0.00447463989257813,-0.000286102294921875,0.00831985473632813,0,
00:00:04.32,-0.00446319580078125,-0.000291824340820313,0.00829696655273438,0,
00:00:04.324,-0.0044403076171875,-0.000280380249023438,0.00831413269042969,0,
00:00:04.328,-0.00446319580078125,-0.00029754638671875,0.00829696655273438,0,
00:00:04.332,-0.00447463989257813,-0.000291824340820313,0.00830268859863281,0,
00:00:04.336,-0.00445747375488281,-0.000291824340820313,0.00829696655273438,0,
00:00:04.34,-0.00448036193847656,-0.00029754638671875,0.0082855224609375,0,
00:00:04.344,-0.00451469421386719,-0.000291824340820313,0.00827407836914063,0,
00:00:04.348,-0.00450897216796875,-0.000280380249023438,0.00830268859863281,0,
00:00:04.352,-0.00446891784667969,-0.000268936157226563,0.00831985473632813,0,
00:00:04.356,-0.00444602966308594,-0.000257492065429688,0.00829696655273438,0,
00:00:04.36,-0.00446319580078125,-0.000274658203125,0.00825691223144531,0,
00:00:04.364,-0.00445747375488281,-0.000280380249023438,0.00827980041503906,0,
00:00:04.368,-0.00445175170898438,-0.000286102294921875,0.00831985473632813,0,
00:00:04.372,-0.00444602966308594,-0.000286102294921875,0.00827407836914063,0,
00:00:04.376,-0.00448036193847656,-0.00029754638671875,0.008331298828125,0,
00:00:04.38,-0.00450897216796875,-0.000303268432617188,0.00830841064453125,0,
00:00:04.384,-0.00449180603027344,-0.00029754638671875,0.00831413269042969,0,
00:00:04.388,-0.00446319580078125,-0.000291824340820313,0.00829696655273438,0,
00:00:04.392,-0.00446319580078125,-0.000274658203125,0.00826835632324219,0,
00:00:04.396,-0.00445747375488281,-0.000263214111328125,0.00830268859863281,0,
00:00:04.4,-0.0044403076171875,-0.000280380249023438,0.00830841064453125,0,
00:00:04.404,-0.00445747375488281,-0.000303268432617188,0.00827980041503906,0,
00:00:04.408,-0.00445747375488281,-0.000308990478515625,0.00830268859863281,0,
00:00:04.412,-0.00449180603027344,-0.00029754638671875,0.0082855224609375,0,
00:00:04.416,-0.00451469421386719,-0.000268936157226563,0.00827980041503906,0,
00:00:04.42,-0.00448036193847656,-0.000274658203125,0.0082855224609375,0,
00:00:04.424,-0.00443458557128906,-0.000280380249023438,0.00829124450683594,0,
00:00:04.428,-0.00444602966308594,-0.000268936157226563,0.00827407836914063,0,
00:00:04.432,-0.00446319580078125,-0.000280380249023438,0.00827980041503906,0,
00:00:04.436,-0.00445747375488281,-0.000291824340820313,0.0082855224609375,0,
00:00:04.44,-0.00447463989257813,-0.000314712524414063,0.0082855224609375,0,
00:00:04.444,-0.00446319580078125,-0.000286102294921875,0.0082855224609375,0,
00:00:04.448,-0.00446319580078125,-0.000263214111328125,0.00829124450683594,0,
00:00:04.452,-0.00446319580078125,-0.000274658203125,0.00827407836914063,0,
00:00:04.456,-0.00446319580078125,-0.000291824340820313,0.00825691223144531,0,
00:00:04.46,-0.00446891784667969,-0.00029754638671875,0.00829696655273438,0,
00:00:04.464,-0.00444602966308594,-0.000291824340820313,0.00830841064453125,0,
00:00:04.468,-0.00445175170898438,-0.000280380249023438,0.00830268859863281,0,
00:00:04.472,-0.00449180603027344,-0.000280380249023438,0.00826835632324219,0,
00:00:04.476,-0.00446319580078125,-0.000274658203125,0.00826263427734375,0,
00:00:04.48,-0.00444602966308594,-0.000291824340820313,0.00829124450683594,0,
00:00:04.484,-0.0044403076171875,-0.000314712524414063,0.00830268859863281,0,
00:00:04.488,-0.00444602966308594,-0.000274658203125,0.00830268859863281,0,
00:00:04.492,-0.00446319580078125,-0.000257492065429688,0.00830841064453125,0,
00:00:04.496,-0.00447463989257813,-0.000257492065429688,0.00829124450683594,0,
00:00:04.5,-0.00449180603027344,-0.000303268432617188,0.00827980041503906,0,
00:00:04.504,-0.00445747375488281,-0.000280380249023438,0.00827407836914063,0,
00:00:04.508,-0.00445175170898438,-0.000268936157226563,0.00827980041503906,0,
00:00:04.512,-0.00444602966308594,-0.000274658203125,0.00827407836914063,0,
00:00:04.516,-0.00445175170898438,-0.000280380249023438,0.00827980041503906,0,
00:00:04.52,-0.00445175170898438,-0.000291824340820313,0.00827407836914063,0,
00:00:04.524,-0.0044403076171875,-0.000280380249023438,0.00827980041503906,0,
00:00:04.528,-0.00444602966308594,-0.000274658203125,0.00829124450683594,0,
00:00:04.532,-0.00445747375488281,-0.000303268432617188,0.00827980041503906,0,
00:00:04.536,-0.00446319580078125,-0.000274658203125,0.00825691223144531,0,
00:00:04.54,-0.00446891784667969,-0.000280380249023438,0.00825119018554688,0,
00:00:04.544,-0.00444602966308594,-0.00029754638671875,0.0082855224609375,0,
00:00:04.548,-0.00445747375488281,-0.000291824340820313,0.0082855224609375,0,
00:00:04.552,-0.00446319580078125,-0.000268936157226563,0.00827980041503906,0,
00:00:04.556,-0.0044403076171875,-0.000274658203125,0.0082855224609375,0,
00:00:04.56,-0.00446891784667969,-0.00029754638671875,0.00829124450683594,0,
00:00:04.564,-0.00447463989257813,-0.000274658203125,0.00826835632324219,0,
00:00:04.568,-0.00445747375488281,-0.000274658203125,0.00827407836914063,0,
00:00:04.572,-0.00443458557128906,-0.000280380249023438,0.00826263427734375,0,
00:00:04.576,-0.00444602966308594,-0.000280380249023438,0.00829124450683594,0,
00:00:04.58,-0.00447463989257813,-0.000280380249023438,0.00829696655273438,0,
00:00:04.584,-0.00445747375488281,-0.000291824340820313,0.0082855224609375,0,
00:00:04.588,-0.00442886352539063,-0.00029754638671875,0.0082855224609375,0,
00:00:04.592,-0.00447463989257813,-0.000280380249023438,0.00827980041503906,0,
00:00:04.596,-0.00450897216796875,-0.000268936157226563,0.00827980041503906,0,
00:00:04.6,-0.00446319580078125,-0.000263214111328125,0.00826835632324219,0,
00:00:04.604,-0.00443458557128906,-0.000280380249023438,0.00826263427734375,0,
00:00:04.608,-0.00442886352539063,-0.000286102294921875,0.00830268859863281,0,
00:00:04.612,-0.0044403076171875,-0.000274658203125,0.0082855224609375,0,
00:00:04.616,-0.00445175170898438,-0.000263214111328125,0.00826263427734375,0,
00:00:04.62,-0.00446891784667969,-0.000263214111328125,0.00826835632324219,0,
00:00:04.624,-0.0044403076171875,-0.000303268432617188,0.0082855224609375,0,
00:00:04.628,-0.00442314147949219,-0.00029754638671875,0.00823974609375,0,
00:00:04.632,-0.00442886352539063,-0.000280380249023438,0.00827407836914063,0,
00:00:04.636,-0.00444602966308594,-0.000286102294921875,0.00827407836914063,0,
00:00:04.64,-0.00444602966308594,-0.00029754638671875,0.00824546813964844,0,
00:00:04.644,-0.00446891784667969,-0.000291824340820313,0.00827407836914063,0,
00:00:04.648,-0.00446891784667969,-0.000303268432617188,0.00829696655273438,0,
00:00:04.652,-0.00444602966308594,-0.000280380249023438,0.00827407836914063,0,
00:00:04.656,-0.00442314147949219,-0.000268936157226563,0.00827980041503906,0,
00:00:04.66,-0.00443458557128906,-0.000274658203125,0.00827407836914063,0,
00:00:04.664,-0.00444602966308594,-0.000280380249023438,0.00826835632324219,0,
00:00:04.668,-0.00444602966308594,-0.000280380249023438,0.00826263427734375,0,
00:00:04.672,-0.00446319580078125,-0.000286102294921875,0.00827407836914063,0,
00:00:04.676,-0.00445175170898438,-0.000291824340820313,0.00826835632324219,0,
00:00:04.68,-0.00446319580078125,-0.000280380249023438,0.00827980041503906,0,
00:00:04.684,-0.004486083984375,-0.000286102294921875,0.00826263427734375,0,
00:00:04.688,-0.00446319580078125,-0.000286102294921875,0.00826835632324219,0,
00:00:04.692,-0.00442314147949219,-0.000280380249023438,0.00827407836914063,0,
00:00:04.696,-0.00442886352539063,-0.000286102294921875,0.0082855224609375,0,
00:00:04.7,-0.00446891784667969,-0.000286102294921875,0.00826835632324219,0,
00:00:04.704,-0.00445747375488281,-0.00029754638671875,0.00825691223144531,0,
00:00:04.708,-0.00442886352539063,-0.000280380249023438,0.00827407836914063,0,
00:00:04.712,-0.00445175170898438,-0.000286102294921875,0.00822830200195313,0,
00:00:04.716,-0.00444602966308594,-0.000280380249023438,0.00825119018554688,0,
00:00:04.72,-0.00443458557128906,-0.000286102294921875,0.0082855224609375,0,
00:00:04.724,-0.00443458557128906,-0.000286102294921875,0.00827980041503906,0,
00:00:04.728,-0.00443458557128906,-0.000274658203125,0.00826835632324219,0,
00:00:04.732,-0.0044403076171875,-0.000274658203125,0.00825119018554688,0,
00:00:04.736,-0.00444602966308594,-0.000280380249023438,0.00825119018554688,0,
00:00:04.74,-0.00444602966308594,-0.000291824340820313,0.00826835632324219,0,
00:00:04.744,-0.00444602966308594,-0.000280380249023438,0.00825691223144531,0,
00:00:04.748,-0.00443458557128906,-0.000286102294921875,0.00827407836914063,0,
00:00:04.752,-0.00442886352539063,-0.000286102294921875,0.00825691223144531,0,
00:00:04.756,-0.00444602966308594,-0.000246047973632813,0.00825119018554688,0,
00:00:04.76,-0.00443458557128906,-0.000274658203125,0.00825119018554688,0,
00:00:04.764,-0.00442886352539063,-0.000303268432617188,0.00825691223144531,0,
00:00:04.768,-0.00444602966308594,-0.00029754638671875,0.00829124450683594,0,
00:00:04.772,-0.00446891784667969,-0.000286102294921875,0.00825119018554688,0,
00:00:04.776,-0.00444602966308594,-0.000286102294921875,0.00824546813964844,0,
00:00:04.78,-0.0044403076171875,-0.000291824340820313,0.00827980041503906,0,
00:00:04.784,-0.00443458557128906,-0.000280380249023438,0.00824546813964844,0,
00:00:04.788,-0.00447463989257813,-0.000291824340820313,0.00823402404785156,0,
00:00:04.792,-0.00444602966308594,-0.000291824340820313,0.00824546813964844,0,
00:00:04.796,-0.00446319580078125,-0.000274658203125,0.00826263427734375,0,
00:00:04.8,-0.0044403076171875,-0.000286102294921875,0.00826835632324219,0,
00:00:04.804,-0.00443458557128906,-0.000268936157226563,0.00826263427734375,0,
00:00:04.808,-0.00444602966308594,-0.000274658203125,0.00821685791015625,0,
00:00:04.812,-0.0044403076171875,-0.000268936157226563,0.00827407836914063,0,
00:00:04.816,-0.00441169738769531,-0.000280380249023438,0.00826263427734375,0,
00:00:04.82,-0.00441741943359375,-0.000280380249023438,0.00826263427734375,0,
00:00:04.824,-0.00442314147949219,-0.000274658203125,0.00827407836914063,0,
00:00:04.828,-0.00443458557128906,-0.000303268432617188,0.00825691223144531,0,
00:00:04.832,-0.00445747375488281,-0.000291824340820313,0.00827407836914063,0,
00:00:04.836,-0.004486083984375,-0.000268936157226563,0.00825119018554688,0,
00:00:04.84,-0.00446319580078125,-0.000268936157226563,0.00823974609375,0,
00:00:04.844,-0.00440597534179688,-0.000263214111328125,0.00825691223144531,0,
00:00:04.848,-0.00442886352539063,-0.000291824340820313,0.00825691223144531,0,
00:00:04.852,-0.00444602966308594,-0.000286102294921875,0.00825691223144531,0,
00:00:04.856,-0.00445175170898438,-0.000274658203125,0.00825691223144531,0,
00:00:04.86,-0.00445747375488281,-0.000286102294921875,0.00825691223144531,0,
00:00:04.864,-0.00442314147949219,-0.000280380249023438,0.00826835632324219,0,
00:00:04.868,-0.00441741943359375,-0.000291824340820313,0.00825691223144531,0,
00:00:04.872,-0.00441741943359375,-0.000308990478515625,0.00823974609375,0,
00:00:04.876,-0.00443458557128906,-0.000274658203125,0.00824546813964844,0,
00:00:04.88,-0.0044403076171875,-0.000274658203125,0.00824546813964844,0,
00:00:04.884,-0.00444602966308594,-0.000280380249023438,0.00825691223144531,0,
00:00:04.888,-0.00444602966308594,-0.000280380249023438,0.00822257995605469,0,
00:00:04.892,-0.00445747375488281,-0.000280380249023438,0.00826263427734375,0,
00:00:04.896,-0.00444602966308594,-0.000274658203125,0.00827980041503906,0,
00:00:04.9,-0.00441741943359375,-0.000274658203125,0.00825119018554688,0,
00:00:04.904,-0.00440597534179688,-0.000280380249023438,0.00822830200195313,0,
00:00:04.908,-0.00438880920410156,-0.000274658203125,0.00822830200195313,0,
00:00:04.912,-0.00441169738769531,-0.000291824340820313,0.00825691223144531,0,
00:00:04.916,-0.00443458557128906,-0.000286102294921875,0.00827407836914063,0,
00:00:04.92,-0.00445747375488281,-0.000280380249023438,0.00826263427734375,0,
00:00:04.924,-0.00445175170898438,-0.000280380249023438,0.00822257995605469,0,
00:00:04.928,-0.0044403076171875,-0.000263214111328125,0.00825691223144531,0,
00:00:04.932,-0.00443458557128906,-0.000274658203125,0.00826835632324219,0,
00:00:04.936,-0.00443458557128906,-0.000280380249023438,0.00825119018554688,0,
00:00:04.94,-0.00442314147949219,-0.000280380249023438,0.00824546813964844,0,
00:00:04.944,-0.00442314147949219,-0.000286102294921875,0.00822830200195313,0,
00:00:04.948,-0.00441169738769531,-0.000286102294921875,0.00823402404785156,0,
00:00:04.952,-0.00442314147949219,-0.000280380249023438,0.00826835632324219,0,
00:00:04.956,-0.00443458557128906,-0.000274658203125,0.00826263427734375,0,
00:00:04.96,-0.00444602966308594,-0.000274658203125,0.00823974609375,0,
00:00:04.964,-0.00443458557128906,-0.000291824340820313,0.00826263427734375,0,
00:00:04.968,-0.00440025329589844,-0.000291824340820313,0.00823974609375,0,
00:00:04.972,-0.00443458557128906,-0.000286102294921875,0.00823974609375,0,
00:00:04.976,-0.00446319580078125,-0.000286102294921875,0.00824546813964844,0,
00:00:04.98,-0.00446319580078125,-0.000274658203125,0.00821685791015625,0,
00:00:04.984,-0.00441741943359375,-0.000274658203125,0.00825691223144531,0,
00:00:04.988,-0.00440597534179688,-0.000274658203125,0.00824546813964844,0,
00:00:04.992,-0.00442314147949219,-0.00029754638671875,0.00823402404785156,0,
00:00:04.996,-0.00441169738769531,-0.000286102294921875,0.00822830200195313,0,
00:00:05,-0.00442886352539063,-0.000280380249023438,0.00822830200195313,0,
00:00:05.004,-0.00443458557128906,-0.000274658203125,0.00823402404785156,0,
00:00:05.008,-0.00443458557128906,-0.000274658203125,0.00823402404785156,0,
00:00:05.012,-0.00442886352539063,-0.000263214111328125,0.00825691223144531,0,
00:00:05.016,-0.00439453125,-0.000274658203125,0.00825119018554688,0,
00:00:05.02,-0.00440025329589844,-0.000274658203125,0.00822830200195313,0,
00:00:05.024,-0.00444602966308594,-0.000303268432617188,0.00822257995605469,0,
00:00:05.028,-0.00442886352539063,-0.000286102294921875,0.00824546813964844,0,
00:00:05.032,-0.00442314147949219,-0.000291824340820313,0.00824546813964844,0,
00:00:05.036,-0.00441741943359375,-0.000286102294921875,0.00823402404785156,0,
00:00:05.04,-0.00445747375488281,-0.000263214111328125,0.00823974609375,0,
00:00:05.044,-0.0044403076171875,-0.000286102294921875,0.00824546813964844,0,
00:00:05.048,-0.00442314147949219,-0.000280380249023438,0.00823974609375,0,
00:00:05.052,-0.00439453125,-0.000286102294921875,0.00822257995605469,0,
00:00:05.056,-0.00440025329589844,-0.000280380249023438,0.00824546813964844,0,
00:00:05.06,-0.00440025329589844,-0.000280380249023438,0.00822257995605469,0,
00:00:05.064,-0.00441741943359375,-0.000286102294921875,0.00820541381835938,0,
00:00:05.068,-0.00442314147949219,-0.000291824340820313,0.00822830200195313,0,
00:00:05.072,-0.00441741943359375,-0.000291824340820313,0.00820541381835938,0,
00:00:05.076,-0.00444602966308594,-0.000280380249023438,0.00822257995605469,0,
00:00:05.08,-0.00444602966308594,-0.000280380249023438,0.00824546813964844,0,
00:00:05.084,-0.00443458557128906,-0.000274658203125,0.00823402404785156,0,
00:00:05.088,-0.00440597534179688,-0.000268936157226563,0.00820541381835938,0,
00:00:05.092,-0.00439453125,-0.000274658203125,0.00821685791015625,0,
00:00:05.096,-0.00440025329589844,-0.000286102294921875,0.00821685791015625,0,
00:00:05.1,-0.00440597534179688,-0.000274658203125,0.00823402404785156,0,
00:00:05.104,-0.00441169738769531,-0.000268936157226563,0.00821113586425781,0,
00:00:05.108,-0.00439453125,-0.000280380249023438,0.00822830200195313,0,
00:00:05.112,-0.00441169738769531,-0.000286102294921875,0.00823402404785156,0,
00:00:05.116,-0.00443458557128906,-0.000286102294921875,0.00822830200195313,0,
00:00:05.12,-0.00445175170898438,-0.000263214111328125,0.00821685791015625,0,
00:00:05.124,-0.0044403076171875,-0.000263214111328125,0.00822257995605469,0,
00:00:05.128,-0.00441741943359375,-0.000274658203125,0.00821685791015625,0,
00:00:05.132,-0.00440597534179688,-0.000274658203125,0.00821113586425781,0,
00:00:05.136,-0.00440025329589844,-0.000274658203125,0.00822830200195313,0,
00:00:05.14,-0.00441741943359375,-0.000280380249023438,0.00821685791015625,0,
00:00:05.144,-0.00440597534179688,-0.000286102294921875,0.00822257995605469,0,
00:00:05.148,-0.00442886352539063,-0.00029754638671875,0.0081939697265625,0,
00:00:05.152,-0.00442886352539063,-0.000274658203125,0.00818824768066406,0,
00:00:05.156,-0.00441169738769531,-0.00025177001953125,0.00823402404785156,0,
00:00:05.16,-0.00437736511230469,-0.000286102294921875,0.00823974609375,0,
00:00:05.164,-0.00440025329589844,-0.000274658203125,0.00821685791015625,0,
00:00:05.168,-0.00441741943359375,-0.000257492065429688,0.00821113586425781,0,
00:00:05.172,-0.00440597534179688,-0.000274658203125,0.00822830200195313,0,
00:00:05.176,-0.00441741943359375,-0.000274658203125,0.00821685791015625,0,
00:00:05.18,-0.00443458557128906,-0.000274658203125,0.00821685791015625,0,
00:00:05.184,-0.00443458557128906,-0.000268936157226563,0.00819969177246094,0,
00:00:05.188,-0.0044403076171875,-0.000286102294921875,0.00818824768066406,0,
00:00:05.192,-0.00441741943359375,-0.000286102294921875,0.00819969177246094,0,
00:00:05.196,-0.00439453125,-0.000303268432617188,0.00820541381835938,0,
00:00:05.2,-0.00438880920410156,-0.000268936157226563,0.0081939697265625,0,
00:00:05.204,-0.00440025329589844,-0.000263214111328125,0.00819969177246094,0,
00:00:05.208,-0.00438880920410156,-0.000274658203125,0.00823974609375,0,
00:00:05.212,-0.00440025329589844,-0.000274658203125,0.00822830200195313,0,
00:00:05.216,-0.00444602966308594,-0.000274658203125,0.0081939697265625,0,
00:00:05.22,-0.00446319580078125,-0.000263214111328125,0.00821685791015625,0,
00:00:05.224,-0.00442314147949219,-0.000257492065429688,0.00821113586425781,0,
00:00:05.228,-0.00438880920410156,-0.000274658203125,0.00821685791015625,0,
00:00:05.232,-0.00438308715820313,-0.000280380249023438,0.00818824768066406,0,
00:00:05.236,-0.00441741943359375,-0.000280380249023438,0.00817680358886719,0,
00:00:05.24,-0.00442886352539063,-0.000268936157226563,0.00821113586425781,0,
00:00:05.244,-0.00440597534179688,-0.000257492065429688,0.00820541381835938,0,
00:00:05.248,-0.00436592102050781,-0.000268936157226563,0.00821685791015625,0,
00:00:05.252,-0.00437736511230469,-0.000303268432617188,0.00821113586425781,0,
00:00:05.256,-0.00441741943359375,-0.000286102294921875,0.00818252563476563,0,
00:00:05.26,-0.00441169738769531,-0.000291824340820313,0.00819969177246094,0,
00:00:05.264,-0.00440025329589844,-0.000274658203125,0.00820541381835938,0,
00:00:05.268,-0.00440597534179688,-0.000268936157226563,0.00820541381835938,0,
00:00:05.272,-0.00440597534179688,-0.000263214111328125,0.00819969177246094,0,
00:00:05.276,-0.00441741943359375,-0.000280380249023438,0.00819969177246094,0,
00:00:05.28,-0.00441169738769531,-0.000291824340820313,0.00819969177246094,0,
00:00:05.284,-0.00441741943359375,-0.000286102294921875,0.00818824768066406,0,
00:00:05.288,-0.00440025329589844,-0.000286102294921875,0.00819969177246094,0,
00:00:05.292,-0.00441169738769531,-0.000268936157226563,0.0081939697265625,0,
00:00:05.296,-0.00441169738769531,-0.000274658203125,0.00818824768066406,0,
00:00:05.3,-0.00440025329589844,-0.000291824340820313,0.00818252563476563,0,
00:00:05.304,-0.00442314147949219,-0.000291824340820313,0.00818824768066406,0,
00:00:05.308,-0.0044403076171875,-0.000263214111328125,0.00819969177246094,0,
00:00:05.312,-0.00441741943359375,-0.000268936157226563,0.00817680358886719,0,
00:00:05.316,-0.00437736511230469,-0.000274658203125,0.00818824768066406,0,
00:00:05.32,-0.00438308715820313,-0.000268936157226563,0.00818824768066406,0,
00:00:05.324,-0.00440025329589844,-0.000280380249023438,0.0081939697265625,0,
00:00:05.328,-0.00438880920410156,-0.00025177001953125,0.00818252563476563,0,
00:00:05.332,-0.00437736511230469,-0.000274658203125,0.00818252563476563,0,
00:00:05.336,-0.00438880920410156,-0.000308990478515625,0.00817680358886719,0,
00:00:05.34,-0.00440597534179688,-0.000274658203125,0.0081939697265625,0,
00:00:05.344,-0.00441169738769531,-0.000286102294921875,0.00820541381835938,0,
00:00:05.348,-0.00437736511230469,-0.000286102294921875,0.00819969177246094,0,
00:00:05.352,-0.00436592102050781,-0.000257492065429688,0.00820541381835938,0,
00:00:05.356,-0.00438880920410156,-0.000257492065429688,0.00817680358886719,0,
00:00:05.36,-0.00440025329589844,-0.000280380249023438,0.00817108154296875,0,
00:00:05.364,-0.00437736511230469,-0.000274658203125,0.00818252563476563,0,
00:00:05.368,-0.00440025329589844,-0.000268936157226563,0.00818252563476563,0,
00:00:05.372,-0.00440597534179688,-0.000274658203125,0.00815963745117188,0,
00:00:05.376,-0.00441741943359375,-0.000280380249023438,0.00815963745117188,0,
00:00:05.38,-0.00441741943359375,-0.000280380249023438,0.00817680358886719,0,
00:00:05.384,-0.00441169738769531,-0.000280380249023438,0.00817680358886719,0,
00:00:05.388,-0.00438880920410156,-0.000263214111328125,0.00817680358886719,0,
00:00:05.392,-0.00437164306640625,-0.000263214111328125,0.00816535949707031,0,
00:00:05.396,-0.00440597534179688,-0.000280380249023438,0.0081939697265625,0,
00:00:05.4,-0.00441741943359375,-0.000291824340820313,0.0081939697265625,0,
00:00:05.404,-0.00441741943359375,-0.000280380249023438,0.00816535949707031,0,
00:00:05.408,-0.0044403076171875,-0.000280380249023438,0.00818824768066406,0,
00:00:05.412,-0.00441741943359375,-0.000286102294921875,0.00816535949707031,0,
00:00:05.416,-0.00439453125,-0.000268936157226563,0.00815963745117188,0,
00:00:05.42,-0.00437164306640625,-0.000257492065429688,0.00817108154296875,0,
00:00:05.424,-0.00437164306640625,-0.000280380249023438,0.00817680358886719,0,
00:00:05.428,-0.00438308715820313,-0.000286102294921875,0.00816535949707031,0,
00:00:05.432,-0.00438880920410156,-0.000263214111328125,0.00818252563476563,0,
00:00:05.436,-0.00438308715820313,-0.000268936157226563,0.00816535949707031,0,
00:00:05.44,-0.00437736511230469,-0.000246047973632813,0.00816535949707031,0,
00:00:05.444,-0.00438308715820313,-0.000274658203125,0.00816535949707031,0,
00:00:05.448,-0.00436592102050781,-0.000303268432617188,0.008148193359375,0,
00:00:05.452,-0.00440025329589844,-0.000274658203125,0.00816535949707031,0,
00:00:05.456,-0.00440597534179688,-0.000268936157226563,0.00817108154296875,0,
00:00:05.46,-0.00438880920410156,-0.000286102294921875,0.00818252563476563,0,
00:00:05.464,-0.00437736511230469,-0.000257492065429688,0.00816535949707031,0,
00:00:05.468,-0.00438308715820313,-0.000257492065429688,0.00815391540527344,0,
00:00:05.472,-0.00440025329589844,-0.000280380249023438,0.00815963745117188,0,
00:00:05.476,-0.00439453125,-0.000286102294921875,0.00816535949707031,0,
00:00:05.48,-0.00439453125,-0.00029754638671875,0.00816535949707031,0,
00:00:05.484,-0.00440025329589844,-0.000280380249023438,0.008148193359375,0,
00:00:05.488,-0.00440025329589844,-0.000257492065429688,0.00812530517578125,0,
00:00:05.492,-0.00440025329589844,-0.000280380249023438,0.00815963745117188,0,
00:00:05.496,-0.00440597534179688,-0.000280380249023438,0.00816535949707031,0,
00:00:05.5,-0.00441741943359375,-0.000274658203125,0.00816535949707031,0,
00:00:05.504,-0.00440025329589844,-0.000274658203125,0.00816535949707031,0,
00:00:05.508,-0.00438308715820313,-0.000263214111328125,0.00815963745117188,0,
00:00:05.512,-0.00438308715820313,-0.000257492065429688,0.00815391540527344,0,
00:00:05.516,-0.00438880920410156,-0.000268936157226563,0.00817680358886719,0,
00:00:05.52,-0.00437736511230469,-0.000291824340820313,0.008148193359375,0,
00:00:05.524,-0.00437736511230469,-0.00029754638671875,0.00813102722167969,0,
00:00:05.528,-0.00437736511230469,-0.000274658203125,0.00814247131347656,0,
00:00:05.532,-0.00439453125,-0.000257492065429688,0.00815391540527344,0,
00:00:05.536,-0.00437164306640625,-0.000274658203125,0.00815963745117188,0,
00:00:05.54,-0.00438880920410156,-0.000268936157226563,0.00815391540527344,0,
00:00:05.544,-0.00441169738769531,-0.000263214111328125,0.00815391540527344,0,
00:00:05.548,-0.00440597534179688,-0.00025177001953125,0.00811386108398438,0,
00:00:05.552,-0.00438880920410156,-0.000274658203125,0.00815391540527344,0,
00:00:05.556,-0.00437164306640625,-0.000280380249023438,0.00815963745117188,0,
00:00:05.56,-0.00438308715820313,-0.000268936157226563,0.00814247131347656,0,
00:00:05.564,-0.00438308715820313,-0.000263214111328125,0.00814247131347656,0,
00:00:05.568,-0.00436592102050781,-0.00025177001953125,0.008148193359375,0,
00:00:05.572,-0.00436592102050781,-0.000268936157226563,0.00816535949707031,0,
00:00:05.576,-0.00438308715820313,-0.000291824340820313,0.00816535949707031,0,
00:00:05.58,-0.00437736511230469,-0.000291824340820313,0.00812530517578125,0,
00:00:05.584,-0.00439453125,-0.000263214111328125,0.00813674926757813,0,
00:00:05.588,-0.00440025329589844,-0.000257492065429688,0.00815391540527344,0,
00:00:05.592,-0.00440597534179688,-0.000263214111328125,0.00814247131347656,0,
00:00:05.596,-0.00440025329589844,-0.000274658203125,0.00813102722167969,0,
00:00:05.6,-0.00438308715820313,-0.000291824340820313,0.00813674926757813,0,
00:00:05.604,-0.00438308715820313,-0.00029754638671875,0.00815391540527344,0,
00:00:05.608,-0.00440597534179688,-0.000268936157226563,0.00818252563476563,0,
00:00:05.612,-0.00441741943359375,-0.00025177001953125,0.00816535949707031,0,
00:00:05.616,-0.00440025329589844,-0.000257492065429688,0.00813674926757813,0,
00:00:05.62,-0.00437736511230469,-0.000274658203125,0.00812530517578125,0,
00:00:05.624,-0.00436592102050781,-0.000274658203125,0.00811958312988281,0,
00:00:05.628,-0.00434303283691406,-0.000280380249023438,0.00811958312988281,0,
00:00:05.632,-0.00438308715820313,-0.000286102294921875,0.00812530517578125,0,
00:00:05.636,-0.00441169738769531,-0.000280380249023438,0.00814247131347656,0,
00:00:05.64,-0.00441169738769531,-0.000286102294921875,0.00815391540527344,0,
00:00:05.644,-0.00438880920410156,-0.000268936157226563,0.00813102722167969,0,
00:00:05.648,-0.00438308715820313,-0.000257492065429688,0.00810813903808594,0,
00:00:05.652,-0.00438880920410156,-0.000268936157226563,0.00811958312988281,0,
00:00:05.656,-0.00438308715820313,-0.000268936157226563,0.00811958312988281,0,
00:00:05.66,-0.00439453125,-0.000286102294921875,0.008148193359375,0,
00:00:05.664,-0.00437736511230469,-0.000274658203125,0.00811958312988281,0,
00:00:05.668,-0.00437736511230469,-0.000263214111328125,0.00813674926757813,0,
00:00:05.672,-0.00436019897460938,-0.000268936157226563,0.00815391540527344,0,
00:00:05.676,-0.00436592102050781,-0.000263214111328125,0.00813674926757813,0,
00:00:05.68,-0.00438308715820313,-0.000263214111328125,0.00812530517578125,0,
00:00:05.684,-0.00438880920410156,-0.000280380249023438,0.00811958312988281,0,
00:00:05.688,-0.00440025329589844,-0.00029754638671875,0.00812530517578125,0,
00:00:05.692,-0.00438308715820313,-0.000274658203125,0.00813102722167969,0,
00:00:05.696,-0.00437164306640625,-0.000268936157226563,0.00813102722167969,0,
00:00:05.7,-0.00437164306640625,-0.000280380249023438,0.00811958312988281,0,
00:00:05.704,-0.00437736511230469,-0.000268936157226563,0.00813674926757813,0,
00:00:05.708,-0.00436019897460938,-0.000274658203125,0.00812530517578125,0,
00:00:05.712,-0.00438880920410156,-0.000268936157226563,0.00810813903808594,0,
00:00:05.716,-0.00441169738769531,-0.000246047973632813,0.00811386108398438,0,
00:00:05.72,-0.00441169738769531,-0.000268936157226563,0.00809669494628906,0,
00:00:05.724,-0.00439453125,-0.000280380249023438,0.00812530517578125,0,
00:00:05.728,-0.00438880920410156,-0.000268936157226563,0.00812530517578125,0,
00:00:05.732,-0.00436592102050781,-0.000280380249023438,0.00813102722167969,0,
00:00:05.736,-0.0043487548828125,-0.000274658203125,0.00813102722167969,0,
00:00:05.74,-0.00437736511230469,-0.000274658203125,0.00812530517578125,0,
00:00:05.744,-0.00437736511230469,-0.000268936157226563,0.00812530517578125,0,
00:00:05.748,-0.00438308715820313,-0.000268936157226563,0.0081024169921875,0,
00:00:05.752,-0.00438880920410156,-0.000291824340820313,0.00811958312988281,0,
00:00:05.756,-0.00438308715820313,-0.000274658203125,0.00812530517578125,0,
00:00:05.76,-0.00437736511230469,-0.000268936157226563,0.0081024169921875,0,
00:00:05.764,-0.00433731079101563,-0.000274658203125,0.00810813903808594,0,
00:00:05.768,-0.0043487548828125,-0.000263214111328125,0.00813674926757813,0,
00:00:05.772,-0.00437736511230469,-0.000257492065429688,0.00811386108398438,0,
00:00:05.776,-0.00439453125,-0.000268936157226563,0.00810813903808594,0,
00:00:05.78,-0.00439453125,-0.000268936157226563,0.00808525085449219,0,
00:00:05.784,-0.00437164306640625,-0.000268936157226563,0.00811386108398438,0,
00:00:05.788,-0.0043487548828125,-0.00029754638671875,0.00811958312988281,0,
00:00:05.792,-0.00437736511230469,-0.000303268432617188,0.00809669494628906,0,
00:00:05.796,-0.00437736511230469,-0.000274658203125,0.00811386108398438,0,
00:00:05.8,-0.00437736511230469,-0.000268936157226563,0.00813102722167969,0,
00:00:05.804,-0.00438880920410156,-0.000274658203125,0.00809669494628906,0,
00:00:05.808,-0.00438308715820313,-0.000268936157226563,0.00807952880859375,0,
00:00:05.812,-0.00437164306640625,-0.000268936157226563,0.0081024169921875,0,
00:00:05.816,-0.0043487548828125,-0.000263214111328125,0.0081024169921875,0,
00:00:05.82,-0.00436019897460938,-0.000263214111328125,0.00810813903808594,0,
00:00:05.824,-0.00437164306640625,-0.000268936157226563,0.00809669494628906,0,
00:00:05.828,-0.00436019897460938,-0.000268936157226563,0.00809669494628906,0,
00:00:05.832,-0.00438308715820313,-0.00025177001953125,0.00812530517578125,0,
00:00:05.836,-0.00437164306640625,-0.000263214111328125,0.00811958312988281,0,
00:00:05.84,-0.0043487548828125,-0.000274658203125,0.00810813903808594,0,
00:00:05.844,-0.00434303283691406,-0.000274658203125,0.00807380676269531,0,
00:00:05.848,-0.00436019897460938,-0.000274658203125,0.00809097290039063,0,
00:00:05.852,-0.00437736511230469,-0.000274658203125,0.00807952880859375,0,
00:00:05.856,-0.00439453125,-0.000274658203125,0.00813102722167969,0,
00:00:05.86,-0.00438880920410156,-0.000274658203125,0.00811958312988281,0,
00:00:05.864,-0.00437164306640625,-0.000268936157226563,0.00809097290039063,0,
00:00:05.868,-0.00435447692871094,-0.000274658203125,0.00807952880859375,0,
00:00:05.872,-0.00437164306640625,-0.00025177001953125,0.00811386108398438,0,
00:00:05.876,-0.00438880920410156,-0.000274658203125,0.00810813903808594,0,
00:00:05.88,-0.0043487548828125,-0.000286102294921875,0.00809669494628906,0,
00:00:05.884,-0.00433731079101563,-0.000291824340820313,0.00807380676269531,0,
00:00:05.888,-0.00434303283691406,-0.000280380249023438,0.00807380676269531,0,
00:00:05.892,-0.00437164306640625,-0.000268936157226563,0.00806236267089844,0,
00:00:05.896,-0.00440597534179688,-0.000286102294921875,0.00811958312988281,0,
00:00:05.9,-0.00439453125,-0.000268936157226563,0.00810813903808594,0,
00:00:05.904,-0.00437164306640625,-0.000263214111328125,0.00808525085449219,0,
00:00:05.908,-0.00436019897460938,-0.000257492065429688,0.00810813903808594,0,
00:00:05.912,-0.00435447692871094,-0.000268936157226563,0.0081024169921875,0,
00:00:05.916,-0.00434303283691406,-0.000268936157226563,0.00806808471679688,0,
00:00:05.92,-0.00436592102050781,-0.000274658203125,0.00807380676269531,0,
00:00:05.924,-0.0043487548828125,-0.000268936157226563,0.00809097290039063,0,
00:00:05.928,-0.00434303283691406,-0.000286102294921875,0.00812530517578125,0,
00:00:05.932,-0.00436592102050781,-0.000268936157226563,0.00812530517578125,0,
00:00:05.936,-0.00437736511230469,-0.000274658203125,0.0081024169921875,0,
00:00:05.94,-0.00436592102050781,-0.000280380249023438,0.00807952880859375,0,
00:00:05.944,-0.0043487548828125,-0.000263214111328125,0.00806236267089844,0,
00:00:05.948,-0.0043487548828125,-0.000268936157226563,0.00811386108398438,0,
00:00:05.952,-0.00433731079101563,-0.000274658203125,0.00809097290039063,0,
00:00:05.956,-0.00437736511230469,-0.000280380249023438,0.00809097290039063,0,
00:00:05.96,-0.00437736511230469,-0.000303268432617188,0.00809097290039063,0,
00:00:05.964,-0.00437164306640625,-0.000286102294921875,0.008056640625,0,
00:00:05.968,-0.00436019897460938,-0.000263214111328125,0.00807952880859375,0,
00:00:05.972,-0.00433158874511719,-0.000274658203125,0.00808525085449219,0,
00:00:05.976,-0.00434303283691406,-0.000291824340820313,0.0081024169921875,0,
00:00:05.98,-0.00436592102050781,-0.000286102294921875,0.00809669494628906,0,
00:00:05.984,-0.00437164306640625,-0.000268936157226563,0.00808525085449219,0,
00:00:05.988,-0.00436592102050781,-0.000274658203125,0.00807952880859375,0,
00:00:05.992,-0.00436019897460938,-0.000268936157226563,0.00809097290039063,0,
00:00:05.996,-0.00435447692871094,-0.000263214111328125,0.00806808471679688,0,
00:00:06,-0.0043487548828125,-0.000274658203125,0.00807952880859375,0,
00:00:06.004,-0.00436019897460938,-0.000286102294921875,0.00811386108398438,0,
00:00:06.008,-0.00437736511230469,-0.000280380249023438,0.00809669494628906,0,
00:00:06.012,-0.00435447692871094,-0.000263214111328125,0.00810813903808594,0,
00:00:06.016,-0.0043487548828125,-0.000274658203125,0.00807952880859375,0,
00:00:06.02,-0.00436592102050781,-0.000274658203125,0.00804519653320313,0,
00:00:06.024,-0.00436019897460938,-0.000274658203125,0.00806808471679688,0,
00:00:06.028,-0.00434303283691406,-0.000274658203125,0.00808525085449219,0,
00:00:06.032,-0.0043487548828125,-0.000274658203125,0.00809097290039063,0,
00:00:06.036,-0.00436592102050781,-0.000274658203125,0.00806808471679688,0,
00:00:06.04,-0.00436019897460938,-0.000263214111328125,0.00806808471679688,0,
00:00:06.044,-0.0043487548828125,-0.000257492065429688,0.00807952880859375,0,
00:00:06.048,-0.00434303283691406,-0.000280380249023438,0.00811958312988281,0,
00:00:06.052,-0.00432586669921875,-0.000286102294921875,0.00807952880859375,0,
00:00:06.056,-0.00434303283691406,-0.000286102294921875,0.00806236267089844,0,
00:00:06.06,-0.00436019897460938,-0.000291824340820313,0.00807952880859375,0,
00:00:06.064,-0.00439453125,-0.000286102294921875,0.00809669494628906,0,
00:00:06.068,-0.00439453125,-0.000268936157226563,0.00808525085449219,0,
00:00:06.072,-0.00434303283691406,-0.000268936157226563,0.00808525085449219,0,
00:00:06.076,-0.00433158874511719,-0.000257492065429688,0.00807952880859375,0,
00:00:06.08,-0.00434303283691406,-0.000263214111328125,0.008056640625,0,
00:00:06.084,-0.00433731079101563,-0.000286102294921875,0.00807380676269531,0,
00:00:06.088,-0.00433158874511719,-0.000268936157226563,0.00809669494628906,0,
00:00:06.092,-0.00435447692871094,-0.000263214111328125,0.00807952880859375,0,
00:00:06.096,-0.00436592102050781,-0.000274658203125,0.00806236267089844,0,
00:00:06.1,-0.00438308715820313,-0.000263214111328125,0.00803375244140625,0,
00:00:06.104,-0.00435447692871094,-0.000263214111328125,0.00803947448730469,0,
00:00:06.108,-0.00432586669921875,-0.000274658203125,0.00806808471679688,0,
00:00:06.112,-0.00433158874511719,-0.000274658203125,0.00808525085449219,0,
00:00:06.116,-0.00432586669921875,-0.000280380249023438,0.00807952880859375,0,
00:00:06.12,-0.00433158874511719,-0.000286102294921875,0.00809097290039063,0,
00:00:06.124,-0.00437736511230469,-0.000268936157226563,0.00806236267089844,0,
00:00:06.128,-0.00440025329589844,-0.000257492065429688,0.00805091857910156,0,
00:00:06.132,-0.00437736511230469,-0.000240325927734375,0.00808525085449219,0,
00:00:06.136,-0.00433158874511719,-0.000280380249023438,0.00804519653320313,0,
00:00:06.14,-0.00430870056152344,-0.000274658203125,0.00808525085449219,0,
00:00:06.144,-0.00433158874511719,-0.000274658203125,0.00807952880859375,0,
00:00:06.148,-0.00436019897460938,-0.000280380249023438,0.00807380676269531,0,
00:00:06.152,-0.00435447692871094,-0.000268936157226563,0.00807380676269531,0,
00:00:06.156,-0.00432014465332031,-0.000274658203125,0.00807380676269531,0,
00:00:06.16,-0.00433158874511719,-0.000274658203125,0.00803947448730469,0,
00:00:06.164,-0.00436592102050781,-0.000274658203125,0.00803375244140625,0,
00:00:06.168,-0.00437736511230469,-0.000274658203125,0.00805091857910156,0,
00:00:06.172,-0.00437164306640625,-0.000263214111328125,0.00805091857910156,0,
00:00:06.176,-0.0043487548828125,-0.000263214111328125,0.00805091857910156,0,
00:00:06.18,-0.00430870056152344,-0.000274658203125,0.00806808471679688,0,
00:00:06.184,-0.00433158874511719,-0.000257492065429688,0.00809097290039063,0,
00:00:06.188,-0.00435447692871094,-0.000263214111328125,0.00804519653320313,0,
00:00:06.192,-0.00435447692871094,-0.000257492065429688,0.00805091857910156,0,
00:00:06.196,-0.00435447692871094,-0.000274658203125,0.00806236267089844,0,
00:00:06.2,-0.00432586669921875,-0.000286102294921875,0.008056640625,0,
00:00:06.204,-0.004302978515625,-0.000274658203125,0.00805091857910156,0,
00:00:06.208,-0.00432014465332031,-0.000280380249023438,0.008056640625,0,
00:00:06.212,-0.00437164306640625,-0.000280380249023438,0.00802803039550781,0,
00:00:06.216,-0.00437736511230469,-0.000274658203125,0.00805091857910156,0,
00:00:06.22,-0.0043487548828125,-0.000268936157226563,0.00805091857910156,0,
00:00:06.224,-0.00433731079101563,-0.000268936157226563,0.00804519653320313,0,
00:00:06.228,-0.00434303283691406,-0.000268936157226563,0.00807952880859375,0,
00:00:06.232,-0.00437164306640625,-0.000263214111328125,0.008056640625,0,
00:00:06.236,-0.00437164306640625,-0.000263214111328125,0.00805091857910156,0,
00:00:06.24,-0.00433158874511719,-0.000263214111328125,0.00807952880859375,0,
00:00:06.244,-0.00430870056152344,-0.00025177001953125,0.00806808471679688,0,
00:00:06.248,-0.00433158874511719,-0.000263214111328125,0.008056640625,0,
00:00:06.252,-0.0043487548828125,-0.000268936157226563,0.00803375244140625,0,
00:00:06.256,-0.00433731079101563,-0.000268936157226563,0.00803375244140625,0,
00:00:06.26,-0.00433731079101563,-0.000280380249023438,0.00806808471679688,0,
00:00:06.264,-0.0043487548828125,-0.000268936157226563,0.008056640625,0,
00:00:06.268,-0.00435447692871094,-0.000257492065429688,0.00805091857910156,0,
00:00:06.272,-0.00433731079101563,-0.000263214111328125,0.008056640625,0,
00:00:06.276,-0.00432586669921875,-0.000257492065429688,0.00804519653320313,0,
00:00:06.28,-0.00433731079101563,-0.000263214111328125,0.008056640625,0,
00:00:06.284,-0.0043487548828125,-0.000274658203125,0.00804519653320313,0,
00:00:06.288,-0.00435447692871094,-0.00025177001953125,0.0080108642578125,0,
00:00:06.292,-0.00433731079101563,-0.00025177001953125,0.00804519653320313,0,
00:00:06.296,-0.00431442260742188,-0.000263214111328125,0.00806808471679688,0,
00:00:06.3,-0.00432586669921875,-0.000274658203125,0.00803947448730469,0,
00:00:06.304,-0.00434303283691406,-0.000263214111328125,0.008056640625,0,
00:00:06.308,-0.00434303283691406,-0.000257492065429688,0.008056640625,0,
00:00:06.312,-0.00435447692871094,-0.000257492065429688,0.008056640625,0,
00:00:06.316,-0.00436019897460938,-0.000268936157226563,0.00805091857910156,0,
00:00:06.32,-0.0043487548828125,-0.000274658203125,0.00803947448730469,0,
00:00:06.324,-0.00432014465332031,-0.000268936157226563,0.00802803039550781,0,
00:00:06.328,-0.00430870056152344,-0.000268936157226563,0.00804519653320313,0,
00:00:06.332,-0.00432586669921875,-0.00025177001953125,0.00802230834960938,0,
00:00:06.336,-0.00433158874511719,-0.000257492065429688,0.00801658630371094,0,
00:00:06.34,-0.00432586669921875,-0.000257492065429688,0.00805091857910156,0,
00:00:06.344,-0.00431442260742188,-0.000257492065429688,0.00807380676269531,0,
00:00:06.348,-0.00432014465332031,-0.000274658203125,0.00804519653320313,0,
00:00:06.352,-0.00434303283691406,-0.000257492065429688,0.00802803039550781,0,
00:00:06.356,-0.00434303283691406,-0.000257492065429688,0.00801658630371094,0,
00:00:06.36,-0.0043487548828125,-0.000263214111328125,0.00803375244140625,0,
00:00:06.364,-0.00433158874511719,-0.000286102294921875,0.00803375244140625,0,
00:00:06.368,-0.00432014465332031,-0.000274658203125,0.008056640625,0,
00:00:06.372,-0.00429153442382813,-0.000223159790039063,0.00806236267089844,0,
00:00:06.376,-0.00431442260742188,-0.000268936157226563,0.00799942016601563,0,
00:00:06.38,-0.0043487548828125,-0.000263214111328125,0.00802230834960938,0,
00:00:06.384,-0.00435447692871094,-0.00025177001953125,0.00804519653320313,0,
00:00:06.388,-0.00434303283691406,-0.000257492065429688,0.00803947448730469,0,
00:00:06.392,-0.00433158874511719,-0.000257492065429688,0.00803375244140625,0,
00:00:06.396,-0.00431442260742188,-0.000274658203125,0.0080108642578125,0,
00:00:06.4,-0.00433158874511719,-0.000263214111328125,0.00799942016601563,0,
00:00:06.404,-0.00435447692871094,-0.000263214111328125,0.00799942016601563,0,
00:00:06.408,-0.00431442260742188,-0.000280380249023438,0.00804519653320313,0,
00:00:06.412,-0.00433158874511719,-0.000257492065429688,0.00803375244140625,0,
00:00:06.416,-0.0043487548828125,-0.00025177001953125,0.00804519653320313,0,
00:00:06.42,-0.00432586669921875,-0.000257492065429688,0.00805091857910156,0,
00:00:06.424,-0.004302978515625,-0.000257492065429688,0.008056640625,0,
00:00:06.428,-0.004302978515625,-0.000257492065429688,0.00803947448730469,0,
00:00:06.432,-0.00431442260742188,-0.000268936157226563,0.00802230834960938,0,
00:00:06.436,-0.00433158874511719,-0.000268936157226563,0.00801658630371094,0,
00:00:06.44,-0.00433731079101563,-0.000268936157226563,0.00801658630371094,0,
00:00:06.444,-0.00433158874511719,-0.000263214111328125,0.00802230834960938,0,
00:00:06.448,-0.0043487548828125,-0.000263214111328125,0.00802230834960938,0,
00:00:06.452,-0.00434303283691406,-0.00025177001953125,0.00802803039550781,0,
00:00:06.456,-0.00432586669921875,-0.00025177001953125,0.00799942016601563,0,
00:00:06.46,-0.00431442260742188,-0.000246047973632813,0.00800514221191406,0,
00:00:06.464,-0.00429725646972656,-0.00025177001953125,0.00803375244140625,0,
00:00:06.468,-0.004302978515625,-0.000257492065429688,0.00801658630371094,0,
00:00:06.472,-0.00431442260742188,-0.000280380249023438,0.00799942016601563,0,
00:00:06.476,-0.00431442260742188,-0.000280380249023438,0.00803375244140625,0,
00:00:06.48,-0.00432586669921875,-0.000280380249023438,0.00800514221191406,0,
00:00:06.484,-0.00433731079101563,-0.00025177001953125,0.00803375244140625,0,
00:00:06.488,-0.00435447692871094,-0.000234603881835938,0.00803375244140625,0,
00:00:06.492,-0.00433731079101563,-0.000274658203125,0.00799369812011719,0,
00:00:06.496,-0.00431442260742188,-0.000263214111328125,0.0080108642578125,0,
00:00:06.5,-0.00436592102050781,-0.000217437744140625,0.00803375244140625,0,
00:00:06.504,-0.0043487548828125,-0.000246047973632813,0.00802230834960938,0,
00:00:06.508,-0.00428581237792969,-0.000263214111328125,0.00802803039550781,0,
00:00:06.512,-0.00428009033203125,-0.000268936157226563,0.00802803039550781,0,
00:00:06.516,-0.00429725646972656,-0.000286102294921875,0.00800514221191406,0,
00:00:06.52,-0.00432014465332031,-0.000263214111328125,0.00799369812011719,0,
00:00:06.524,-0.00429725646972656,-0.000234603881835938,0.00798797607421875,0,
00:00:06.528,-0.004302978515625,-0.00025177001953125,0.00798797607421875,0,
00:00:06.532,-0.00431442260742188,-0.000263214111328125,0.00803375244140625,0,
00:00:06.536,-0.00433731079101563,-0.000263214111328125,0.00803947448730469,0,
00:00:06.54,-0.00433158874511719,-0.000263214111328125,0.00799942016601563,0,
00:00:06.544,-0.004302978515625,-0.000274658203125,0.0080108642578125,0,
00:00:06.548,-0.00429725646972656,-0.000268936157226563,0.0080108642578125,0,
00:00:06.552,-0.00431442260742188,-0.000234603881835938,0.00799942016601563,0,
00:00:06.556,-0.00429153442382813,-0.00025177001953125,0.0080108642578125,0,
00:00:06.56,-0.00432586669921875,-0.000240325927734375,0.00801658630371094,0,
00:00:06.564,-0.00433731079101563,-0.000257492065429688,0.00802230834960938,0,
00:00:06.568,-0.00433158874511719,-0.00025177001953125,0.00802230834960938,0,
00:00:06.572,-0.00431442260742188,-0.000257492065429688,0.0080108642578125,0,
00:00:06.576,-0.00430870056152344,-0.000274658203125,0.00799942016601563,0,
00:00:06.58,-0.00429153442382813,-0.000234603881835938,0.00799942016601563,0,
00:00:06.584,-0.00429153442382813,-0.000257492065429688,0.00798797607421875,0,
00:00:06.588,-0.00430870056152344,-0.00025177001953125,0.0080108642578125,0,
00:00:06.592,-0.00432014465332031,-0.000286102294921875,0.0080108642578125,0,
00:00:06.596,-0.00432586669921875,-0.000274658203125,0.00800514221191406,0,
00:00:06.6,-0.00432586669921875,-0.000263214111328125,0.00802230834960938,0,
00:00:06.604,-0.00431442260742188,-0.000263214111328125,0.00801658630371094,0,
00:00:06.608,-0.00430870056152344,-0.000246047973632813,0.00799942016601563,0,
00:00:06.612,-0.00432014465332031,-0.00025177001953125,0.0080108642578125,0,
00:00:06.616,-0.00431442260742188,-0.00025177001953125,0.00799369812011719,0,
00:00:06.62,-0.00431442260742188,-0.000257492065429688,0.00799942016601563,0,
00:00:06.624,-0.00430870056152344,-0.000263214111328125,0.00800514221191406,0,
00:00:06.628,-0.00432014465332031,-0.000257492065429688,0.00801658630371094,0,
00:00:06.632,-0.00432586669921875,-0.000246047973632813,0.00798225402832031,0,
00:00:06.636,-0.00429153442382813,-0.000240325927734375,0.00794219970703125,0,
00:00:06.64,-0.00427436828613281,-0.00025177001953125,0.007965087890625,0,
00:00:06.644,-0.00428581237792969,-0.00025177001953125,0.00801658630371094,0,
00:00:06.648,-0.00429153442382813,-0.00025177001953125,0.00802803039550781,0,
00:00:06.652,-0.00433731079101563,-0.000246047973632813,0.00798797607421875,0,
00:00:06.656,-0.00432586669921875,-0.000268936157226563,0.00797080993652344,0,
00:00:06.66,-0.00430870056152344,-0.000268936157226563,0.00799942016601563,0,
00:00:06.664,-0.00432014465332031,-0.000274658203125,0.00800514221191406,0,
00:00:06.668,-0.00432586669921875,-0.000234603881835938,0.00802230834960938,0,
00:00:06.672,-0.00432014465332031,-0.000240325927734375,0.00800514221191406,0,
00:00:06.676,-0.00427436828613281,-0.00025177001953125,0.00797080993652344,0,
00:00:06.68,-0.00426864624023438,-0.000263214111328125,0.00798225402832031,0,
00:00:06.684,-0.00428009033203125,-0.000246047973632813,0.00797653198242188,0,
00:00:06.688,-0.00432586669921875,-0.000263214111328125,0.00800514221191406,0,
00:00:06.692,-0.00431442260742188,-0.000246047973632813,0.00801658630371094,0,
00:00:06.696,-0.004302978515625,-0.000268936157226563,0.00797080993652344,0,
00:00:06.7,-0.00428581237792969,-0.000268936157226563,0.00797080993652344,0,
00:00:06.704,-0.00430870056152344,-0.000234603881835938,0.00798797607421875,0,
00:00:06.708,-0.004302978515625,-0.000246047973632813,0.00795936584472656,0,
00:00:06.712,-0.00432014465332031,-0.000246047973632813,0.00795936584472656,0,
00:00:06.716,-0.00430870056152344,-0.000240325927734375,0.00799942016601563,0,
00:00:06.72,-0.00426864624023438,-0.000246047973632813,0.00799369812011719,0,
00:00:06.724,-0.00427436828613281,-0.000234603881835938,0.00798225402832031,0,
00:00:06.728,-0.004302978515625,-0.000234603881835938,0.00799942016601563,0,
00:00:06.732,-0.00430870056152344,-0.00025177001953125,0.00799369812011719,0,
00:00:06.736,-0.00431442260742188,-0.000263214111328125,0.00798225402832031,0,
00:00:06.74,-0.00433158874511719,-0.000268936157226563,0.007965087890625,0,
00:00:06.744,-0.00432014465332031,-0.000263214111328125,0.00797080993652344,0,
00:00:06.748,-0.004302978515625,-0.000257492065429688,0.0080108642578125,0,
00:00:06.752,-0.00428581237792969,-0.000240325927734375,0.00799942016601563,0,
00:00:06.756,-0.00428009033203125,-0.000246047973632813,0.00797080993652344,0,
00:00:06.76,-0.004302978515625,-0.000246047973632813,0.00793647766113281,0,
00:00:06.764,-0.00428581237792969,-0.000240325927734375,0.00797653198242188,0,
00:00:06.768,-0.00428581237792969,-0.00025177001953125,0.00798797607421875,0,
00:00:06.772,-0.00429153442382813,-0.00025177001953125,0.00797653198242188,0,
00:00:06.776,-0.00427436828613281,-0.00025177001953125,0.00797653198242188,0,
00:00:06.78,-0.00428581237792969,-0.000246047973632813,0.00795936584472656,0,
00:00:06.784,-0.00428581237792969,-0.00025177001953125,0.00798225402832031,0,
00:00:06.788,-0.00429725646972656,-0.00025177001953125,0.00798797607421875,0,
00:00:06.792,-0.00430870056152344,-0.00025177001953125,0.00797080993652344,0,
00:00:06.796,-0.004302978515625,-0.000263214111328125,0.00795936584472656,0,
00:00:06.8,-0.00426292419433594,-0.000257492065429688,0.00795936584472656,0,
00:00:06.804,-0.00428581237792969,-0.00025177001953125,0.00797080993652344,0,
00:00:06.808,-0.00430870056152344,-0.000240325927734375,0.00798225402832031,0,
00:00:06.812,-0.00429725646972656,-0.000240325927734375,0.00797653198242188,0,
00:00:06.816,-0.00429725646972656,-0.000257492065429688,0.00797080993652344,0,
00:00:06.82,-0.00429153442382813,-0.00025177001953125,0.007965087890625,0,
00:00:06.824,-0.00429725646972656,-0.000240325927734375,0.00795364379882813,0,
00:00:06.828,-0.00429725646972656,-0.000240325927734375,0.00797653198242188,0,
00:00:06.832,-0.00426864624023438,-0.000240325927734375,0.007965087890625,0,
00:00:06.836,-0.00426292419433594,-0.000257492065429688,0.00794219970703125,0,
00:00:06.84,-0.00426292419433594,-0.000263214111328125,0.00795936584472656,0,
00:00:06.844,-0.00426864624023438,-0.000274658203125,0.00798225402832031,0,
00:00:06.848,-0.00428009033203125,-0.000268936157226563,0.00797080993652344,0,
00:00:06.852,-0.004302978515625,-0.000240325927734375,0.00797080993652344,0,
00:00:06.856,-0.004302978515625,-0.000240325927734375,0.00797653198242188,0,
00:00:06.86,-0.00429153442382813,-0.000246047973632813,0.00795936584472656,0,
00:00:06.864,-0.004302978515625,-0.00025177001953125,0.00794792175292969,0,
00:00:06.868,-0.00431442260742188,-0.000263214111328125,0.007965087890625,0,
00:00:06.872,-0.00430870056152344,-0.00025177001953125,0.00795936584472656,0,
00:00:06.876,-0.00427436828613281,-0.000240325927734375,0.007965087890625,0,
00:00:06.88,-0.0042572021484375,-0.000240325927734375,0.00795364379882813,0,
00:00:06.884,-0.00427436828613281,-0.000240325927734375,0.007965087890625,0,
00:00:06.888,-0.00427436828613281,-0.000257492065429688,0.007965087890625,0,
00:00:06.892,-0.00428009033203125,-0.000263214111328125,0.00795364379882813,0,
00:00:06.896,-0.00427436828613281,-0.000240325927734375,0.00794792175292969,0,
00:00:06.9,-0.00426864624023438,-0.000246047973632813,0.00797080993652344,0,
00:00:06.904,-0.00428581237792969,-0.000257492065429688,0.00797080993652344,0,
00:00:06.908,-0.00429725646972656,-0.000257492065429688,0.00795936584472656,0,
00:00:06.912,-0.00429725646972656,-0.000257492065429688,0.00794219970703125,0,
00:00:06.916,-0.00428009033203125,-0.000263214111328125,0.00795364379882813,0,
00:00:06.92,-0.0042572021484375,-0.000240325927734375,0.00797080993652344,0,
00:00:06.924,-0.00426864624023438,-0.0002288818359375,0.00795936584472656,0,
00:00:06.928,-0.00429153442382813,-0.000240325927734375,0.007965087890625,0,
00:00:06.932,-0.00428581237792969,-0.000246047973632813,0.00795936584472656,0,
00:00:06.936,-0.00429153442382813,-0.000268936157226563,0.00798225402832031,0,
00:00:06.94,-0.00426864624023438,-0.000268936157226563,0.007965087890625,0,
00:00:06.944,-0.00428009033203125,-0.000240325927734375,0.007965087890625,0,
00:00:06.948,-0.00426864624023438,-0.000234603881835938,0.00795364379882813,0,
00:00:06.952,-0.00429725646972656,-0.000246047973632813,0.00795936584472656,0,
00:00:06.956,-0.00428009033203125,-0.000257492065429688,0.00795364379882813,0,
00:00:06.96,-0.00427436828613281,-0.000257492065429688,0.00795364379882813,0,
00:00:06.964,-0.004302978515625,-0.000246047973632813,0.00793647766113281,0,
00:00:06.968,-0.00432586669921875,-0.000240325927734375,0.00794792175292969,0,
00:00:06.972,-0.00429153442382813,-0.000246047973632813,0.00794792175292969,0,
00:00:06.976,-0.00426864624023438,-0.00025177001953125,0.00794792175292969,0,
00:00:06.98,-0.00427436828613281,-0.000246047973632813,0.00794219970703125,0,
00:00:06.984,-0.00428581237792969,-0.000246047973632813,0.00789642333984375,0,
00:00:06.988,-0.00427436828613281,-0.00025177001953125,0.0079193115234375,0,
00:00:06.992,-0.00426292419433594,-0.00025177001953125,0.00794792175292969,0,
00:00:06.996,-0.00426292419433594,-0.000246047973632813,0.00798225402832031,0,
00:00:07,-0.0042572021484375,-0.000211715698242188,0.00797080993652344,0,
00:00:07.004,-0.00424575805664063,-0.000234603881835938,0.00795364379882813,0,
00:00:07.008,-0.0042572021484375,-0.000263214111328125,0.007965087890625,0,
00:00:07.012,-0.00428009033203125,-0.000263214111328125,0.00795364379882813,0,
00:00:07.016,-0.004302978515625,-0.000263214111328125,0.00794792175292969,0,
00:00:07.02,-0.00428581237792969,-0.000234603881835938,0.00795364379882813,0,
00:00:07.024,-0.00426292419433594,-0.000246047973632813,0.00797080993652344,0,
00:00:07.028,-0.00426864624023438,-0.000246047973632813,0.00794219970703125,0,
00:00:07.032,-0.00426292419433594,-0.000223159790039063,0.00793075561523438,0,
00:00:07.036,-0.00424575805664063,-0.000257492065429688,0.00793075561523438,0,
00:00:07.04,-0.0042572021484375,-0.000263214111328125,0.00794219970703125,0,
00:00:07.044,-0.00428009033203125,-0.000234603881835938,0.00794792175292969,0,
00:00:07.048,-0.00426292419433594,-0.0002288818359375,0.00797653198242188,0,
00:00:07.052,-0.00426864624023438,-0.00025177001953125,0.00798797607421875,0,
00:00:07.056,-0.004302978515625,-0.000257492065429688,0.00795364379882813,0,
00:00:07.06,-0.00429725646972656,-0.000263214111328125,0.00794219970703125,0,
00:00:07.064,-0.00426864624023438,-0.000240325927734375,0.00794219970703125,0,
00:00:07.068,-0.0042572021484375,-0.0002288818359375,0.00792503356933594,0,
00:00:07.072,-0.00427436828613281,-0.000246047973632813,0.00793647766113281,0,
00:00:07.076,-0.00429153442382813,-0.000257492065429688,0.00794792175292969,0,
00:00:07.08,-0.00428581237792969,-0.00025177001953125,0.00793647766113281,0,
00:00:07.084,-0.004302978515625,-0.000257492065429688,0.00793075561523438,0,
00:00:07.088,-0.004302978515625,-0.000240325927734375,0.00795364379882813,0,
00:00:07.092,-0.00428581237792969,-0.000234603881835938,0.007965087890625,0,
00:00:07.096,-0.0042572021484375,-0.000246047973632813,0.00795364379882813,0,
00:00:07.1,-0.00424003601074219,-0.000240325927734375,0.00795364379882813,0,
00:00:07.104,-0.00422859191894531,-0.000240325927734375,0.00793647766113281,0,
00:00:07.108,-0.0042572021484375,-0.000234603881835938,0.00794219970703125,0,
00:00:07.112,-0.00426292419433594,-0.00025177001953125,0.00794219970703125,0,
00:00:07.116,-0.00424575805664063,-0.000263214111328125,0.00794219970703125,0,
00:00:07.12,-0.00426292419433594,-0.00025177001953125,0.00794219970703125,0,
00:00:07.124,-0.00428009033203125,-0.000240325927734375,0.00794792175292969,0,
00:00:07.128,-0.00428009033203125,-0.00025177001953125,0.00793075561523438,0,
00:00:07.132,-0.00428009033203125,-0.00025177001953125,0.0079193115234375,0,
00:00:07.136,-0.00427436828613281,-0.000240325927734375,0.007965087890625,0,
00:00:07.14,-0.00424575805664063,-0.000240325927734375,0.007965087890625,0,
00:00:07.144,-0.00422859191894531,-0.00025177001953125,0.00793075561523438,0,
00:00:07.148,-0.00426292419433594,-0.000234603881835938,0.00793075561523438,0,
00:00:07.152,-0.00426864624023438,-0.0002288818359375,0.00793075561523438,0,
00:00:07.156,-0.00428009033203125,-0.000234603881835938,0.00792503356933594,0,
00:00:07.16,-0.00429725646972656,-0.000246047973632813,0.00794792175292969,0,
00:00:07.164,-0.00428581237792969,-0.000234603881835938,0.00794219970703125,0,
00:00:07.168,-0.00428581237792969,-0.00025177001953125,0.00793075561523438,0,
00:00:07.172,-0.00426864624023438,-0.00025177001953125,0.00790786743164063,0,
00:00:07.176,-0.0042572021484375,-0.000240325927734375,0.0079193115234375,0,
00:00:07.18,-0.00425148010253906,-0.000240325927734375,0.00792503356933594,0,
00:00:07.184,-0.00425148010253906,-0.000217437744140625,0.0079193115234375,0,
00:00:07.188,-0.00426864624023438,-0.000240325927734375,0.00792503356933594,0,
00:00:07.192,-0.00427436828613281,-0.000257492065429688,0.00793647766113281,0,
00:00:07.196,-0.00426292419433594,-0.000246047973632813,0.00794219970703125,0,
00:00:07.2,-0.00425148010253906,-0.000240325927734375,0.00794219970703125,0,
00:00:07.204,-0.0042572021484375,-0.000257492065429688,0.0079193115234375,0,
00:00:07.208,-0.00424575805664063,-0.00025177001953125,0.00793075561523438,0,
00:00:07.212,-0.00422286987304688,-0.0002288818359375,0.00793647766113281,0,
00:00:07.216,-0.00423431396484375,-0.0002288818359375,0.00792503356933594,0,
00:00:07.22,-0.00427436828613281,-0.000234603881835938,0.0079193115234375,0,
00:00:07.224,-0.00424575805664063,-0.000246047973632813,0.00791358947753906,0,
00:00:07.228,-0.00423431396484375,-0.000257492065429688,0.00791358947753906,0,
00:00:07.232,-0.00428009033203125,-0.000246047973632813,0.00791358947753906,0,
00:00:07.236,-0.00430870056152344,-0.000234603881835938,0.0079193115234375,0,
00:00:07.24,-0.00427436828613281,-0.00025177001953125,0.00792503356933594,0,
00:00:07.244,-0.0042572021484375,-0.000240325927734375,0.00794219970703125,0,
00:00:07.248,-0.00427436828613281,-0.000234603881835938,0.00793075561523438,0,
00:00:07.252,-0.00426864624023438,-0.000246047973632813,0.0079193115234375,0,
00:00:07.256,-0.0042572021484375,-0.000234603881835938,0.0079193115234375,0,
00:00:07.26,-0.00424003601074219,-0.0002288818359375,0.00790786743164063,0,
00:00:07.264,-0.00423431396484375,-0.000234603881835938,0.00790786743164063,0,
00:00:07.268,-0.00424575805664063,-0.000246047973632813,0.0079193115234375,0,
00:00:07.272,-0.00427436828613281,-0.000240325927734375,0.00789070129394531,0,
00:00:07.276,-0.00426864624023438,-0.000234603881835938,0.00793075561523438,0,
00:00:07.28,-0.00426292419433594,-0.000246047973632813,0.00793075561523438,0,
00:00:07.284,-0.00427436828613281,-0.000246047973632813,0.00791358947753906,0,
00:00:07.288,-0.00428009033203125,-0.0002288818359375,0.00792503356933594,0,
00:00:07.292,-0.00426292419433594,-0.000234603881835938,0.0079193115234375,0,
00:00:07.296,-0.00424003601074219,-0.000240325927734375,0.00787925720214844,0,
00:00:07.3,-0.00423431396484375,-0.0002288818359375,0.00790214538574219,0,
00:00:07.304,-0.00422859191894531,-0.0002288818359375,0.00792503356933594,0,
00:00:07.308,-0.00424575805664063,-0.0002288818359375,0.00790786743164063,0,
00:00:07.312,-0.00424575805664063,-0.000257492065429688,0.00791358947753906,0,
00:00:07.316,-0.00425148010253906,-0.00025177001953125,0.00793075561523438,0,
00:00:07.32,-0.00426864624023438,-0.00025177001953125,0.0079193115234375,0,
00:00:07.324,-0.0042572021484375,-0.000246047973632813,0.00792503356933594,0,
00:00:07.328,-0.00426292419433594,-0.000223159790039063,0.00792503356933594,0,
00:00:07.332,-0.00427436828613281,-0.000223159790039063,0.0079193115234375,0,
00:00:07.336,-0.00424575805664063,-0.0002288818359375,0.00791358947753906,0,
00:00:07.34,-0.00423431396484375,-0.000240325927734375,0.00790786743164063,0,
00:00:07.344,-0.00424575805664063,-0.000234603881835938,0.00790214538574219,0,
00:00:07.348,-0.0042572021484375,-0.000234603881835938,0.00792503356933594,0,
00:00:07.352,-0.00424003601074219,-0.000234603881835938,0.00792503356933594,0,
00:00:07.356,-0.00422859191894531,-0.000246047973632813,0.00792503356933594,0,
00:00:07.36,-0.00423431396484375,-0.000240325927734375,0.00790786743164063,0,
00:00:07.364,-0.00424575805664063,-0.000234603881835938,0.00791358947753906,0,
00:00:07.368,-0.00424575805664063,-0.000240325927734375,0.00793075561523438,0,
00:00:07.372,-0.00425148010253906,-0.000246047973632813,0.00792503356933594,0,
00:00:07.376,-0.00426864624023438,-0.000240325927734375,0.00790214538574219,0,
00:00:07.38,-0.0042572021484375,-0.000217437744140625,0.00787925720214844,0,
00:00:07.384,-0.00424003601074219,-0.000234603881835938,0.00790786743164063,0,
00:00:07.388,-0.00423431396484375,-0.000240325927734375,0.0079193115234375,0,
00:00:07.392,-0.00424003601074219,-0.000217437744140625,0.0079193115234375,0,
00:00:07.396,-0.00425148010253906,-0.0002288818359375,0.00792503356933594,0,
00:00:07.4,-0.00424003601074219,-0.000234603881835938,0.00790786743164063,0,
00:00:07.404,-0.00423431396484375,-0.000246047973632813,0.00790786743164063,0,
00:00:07.408,-0.00424575805664063,-0.000257492065429688,0.00793647766113281,0,
00:00:07.412,-0.00425148010253906,-0.000240325927734375,0.00793075561523438,0,
00:00:07.416,-0.00424003601074219,-0.000234603881835938,0.00793647766113281,0,
00:00:07.42,-0.00424003601074219,-0.000240325927734375,0.00791358947753906,0,
00:00:07.424,-0.00421714782714844,-0.000234603881835938,0.00793075561523438,0,
00:00:07.428,-0.00422859191894531,-0.0002288818359375,0.00792503356933594,0,
00:00:07.432,-0.00424003601074219,-0.000246047973632813,0.00791358947753906,0,
00:00:07.436,-0.00424003601074219,-0.000223159790039063,0.00790786743164063,0,
00:00:07.44,-0.00424003601074219,-0.0002288818359375,0.00790786743164063,0,
00:00:07.444,-0.00421714782714844,-0.000263214111328125,0.00789642333984375,0,
00:00:07.448,-0.00424575805664063,-0.00025177001953125,0.00793075561523438,0,
00:00:07.452,-0.00428009033203125,-0.000234603881835938,0.00794219970703125,0,
00:00:07.456,-0.00427436828613281,-0.000223159790039063,0.00791358947753906,0,
00:00:07.46,-0.00424003601074219,-0.000223159790039063,0.0079193115234375,0,
00:00:07.464,-0.00420570373535156,-0.000223159790039063,0.00792503356933594,0,
00:00:07.468,-0.00421714782714844,-0.0002288818359375,0.00790214538574219,0,
00:00:07.472,-0.00423431396484375,-0.000246047973632813,0.00790214538574219,0,
00:00:07.476,-0.00419998168945313,-0.000234603881835938,0.00793647766113281,0,
00:00:07.48,-0.00423431396484375,-0.0002288818359375,0.00792503356933594,0,
00:00:07.484,-0.00426292419433594,-0.000211715698242188,0.00792503356933594,0,
00:00:07.488,-0.00422859191894531,-0.000223159790039063,0.00790786743164063,0,
00:00:07.492,-0.00419998168945313,-0.00025177001953125,0.00789642333984375,0,
00:00:07.496,-0.00421714782714844,-0.000240325927734375,0.00794219970703125,0,
00:00:07.5,-0.00425148010253906,-0.000240325927734375,0.00793647766113281,0,
00:00:07.504,-0.00424575805664063,-0.0002288818359375,0.00792503356933594,0,
00:00:07.508,-0.0042572021484375,-0.000223159790039063,0.0079193115234375,0,
00:00:07.512,-0.00425148010253906,-0.0002288818359375,0.00790214538574219,0,
00:00:07.516,-0.00423431396484375,-0.0002288818359375,0.0079193115234375,0,
00:00:07.52,-0.00421142578125,-0.000223159790039063,0.00790214538574219,0,
00:00:07.524,-0.00421714782714844,-0.0002288818359375,0.00789642333984375,0,
00:00:07.528,-0.00421714782714844,-0.000246047973632813,0.00791358947753906,0,
00:00:07.532,-0.00421714782714844,-0.000240325927734375,0.00794219970703125,0,
00:00:07.536,-0.00425148010253906,-0.000246047973632813,0.00792503356933594,0,
00:00:07.54,-0.00422859191894531,-0.000246047973632813,0.00793647766113281,0,
00:00:07.544,-0.00420570373535156,-0.000223159790039063,0.00793647766113281,0,
00:00:07.548,-0.00422286987304688,-0.000217437744140625,0.00791358947753906,0,
00:00:07.552,-0.00422859191894531,-0.0002288818359375,0.00789070129394531,0,
00:00:07.556,-0.00422859191894531,-0.0002288818359375,0.00789642333984375,0,
00:00:07.56,-0.00424003601074219,-0.000234603881835938,0.00793647766113281,0,
00:00:07.564,-0.00423431396484375,-0.000234603881835938,0.00789642333984375,0,
00:00:07.568,-0.00422286987304688,-0.000240325927734375,0.00792503356933594,0,
00:00:07.572,-0.00422286987304688,-0.000217437744140625,0.00793075561523438,0,
00:00:07.576,-0.00420570373535156,-0.0002288818359375,0.00790214538574219,0,
00:00:07.58,-0.00420570373535156,-0.000234603881835938,0.00791358947753906,0,
00:00:07.584,-0.00424003601074219,-0.000234603881835938,0.00793075561523438,0,
00:00:07.588,-0.00424003601074219,-0.000234603881835938,0.0079193115234375,0,
00:00:07.592,-0.00422286987304688,-0.000240325927734375,0.00793075561523438,0,
00:00:07.596,-0.00423431396484375,-0.000246047973632813,0.00793075561523438,0,
00:00:07.6,-0.00425148010253906,-0.000240325927734375,0.00790786743164063,0,
00:00:07.604,-0.00422859191894531,-0.000211715698242188,0.00790786743164063,0,
00:00:07.608,-0.00421142578125,-0.000217437744140625,0.00789642333984375,0,
00:00:07.612,-0.00421714782714844,-0.000223159790039063,0.0079193115234375,0,
00:00:07.616,-0.00420570373535156,-0.000234603881835938,0.00793075561523438,0,
00:00:07.62,-0.00422286987304688,-0.0002288818359375,0.0079193115234375,0,
00:00:07.624,-0.00421714782714844,-0.000223159790039063,0.00793075561523438,0,
00:00:07.628,-0.00421714782714844,-0.0002288818359375,0.00791358947753906,0,
00:00:07.632,-0.00421714782714844,-0.00025177001953125,0.00790786743164063,0,
00:00:07.636,-0.00420570373535156,-0.00025177001953125,0.00794792175292969,0,
00:00:07.64,-0.00421714782714844,-0.000211715698242188,0.00792503356933594,0,
00:00:07.644,-0.00422859191894531,-0.000217437744140625,0.00790786743164063,0,
00:00:07.648,-0.00420570373535156,-0.0002288818359375,0.00788497924804688,0,
00:00:07.652,-0.00419998168945313,-0.000240325927734375,0.00793075561523438,0,
00:00:07.656,-0.00421714782714844,-0.000223159790039063,0.00794219970703125,0,
00:00:07.66,-0.00422286987304688,-0.000240325927734375,0.00792503356933594,0,
00:00:07.664,-0.00421714782714844,-0.00020599365234375,0.00789070129394531,0,
00:00:07.668,-0.00422286987304688,-0.000234603881835938,0.00790214538574219,0,
00:00:07.672,-0.00419425964355469,-0.0002288818359375,0.0079193115234375,0,
00:00:07.676,-0.00419998168945313,-0.0002288818359375,0.00790214538574219,0,
00:00:07.68,-0.00419998168945313,-0.00025177001953125,0.00789642333984375,0,
00:00:07.684,-0.00422286987304688,-0.000223159790039063,0.00789642333984375,0,
00:00:07.688,-0.00424003601074219,-0.000211715698242188,0.0079193115234375,0,
00:00:07.692,-0.00420570373535156,-0.000234603881835938,0.00793647766113281,0,
00:00:07.696,-0.00419425964355469,-0.000234603881835938,0.0079193115234375,0,
00:00:07.7,-0.00422286987304688,-0.000223159790039063,0.00787353515625,0,
00:00:07.704,-0.00422286987304688,-0.000246047973632813,0.00792503356933594,0,
00:00:07.708,-0.00419425964355469,-0.000246047973632813,0.0079193115234375,0,
00:00:07.712,-0.00423431396484375,-0.000223159790039063,0.0079193115234375,0,
00:00:07.716,-0.0042572021484375,-0.0002288818359375,0.0079193115234375,0,
00:00:07.72,-0.00421714782714844,-0.000223159790039063,0.00791358947753906,0,
00:00:07.724,-0.00421142578125,-0.000217437744140625,0.00789070129394531,0,
00:00:07.728,-0.00420570373535156,-0.000234603881835938,0.00787925720214844,0,
00:00:07.732,-0.00419425964355469,-0.0002288818359375,0.00792503356933594,0,
00:00:07.736,-0.00420570373535156,-0.000223159790039063,0.00793647766113281,0,
00:00:07.74,-0.00419998168945313,-0.000217437744140625,0.00789642333984375,0,
00:00:07.744,-0.00418853759765625,-0.00020599365234375,0.0079193115234375,0,
00:00:07.748,-0.00419998168945313,-0.000217437744140625,0.00792503356933594,0,
00:00:07.752,-0.00419425964355469,-0.000234603881835938,0.00786781311035156,0,
00:00:07.756,-0.00419425964355469,-0.000240325927734375,0.00788497924804688,0,
00:00:07.76,-0.00421714782714844,-0.000211715698242188,0.00792503356933594,0,
00:00:07.764,-0.00423431396484375,-0.000234603881835938,0.00788497924804688,0,
00:00:07.768,-0.00421142578125,-0.000234603881835938,0.00790214538574219,0,
00:00:07.772,-0.00420570373535156,-0.000217437744140625,0.00790214538574219,0,
00:00:07.776,-0.00418853759765625,-0.00020599365234375,0.0079193115234375,0,
00:00:07.78,-0.00417137145996094,-0.000246047973632813,0.00790214538574219,0,
00:00:07.784,-0.00421714782714844,-0.000246047973632813,0.00786781311035156,0,
00:00:07.788,-0.00420570373535156,-0.000234603881835938,0.00792503356933594,0,
00:00:07.792,-0.00420570373535156,-0.000223159790039063,0.00787353515625,0,
00:00:07.796,-0.00422859191894531,-0.000217437744140625,0.00788497924804688,0,
00:00:07.8,-0.00418853759765625,-0.000217437744140625,0.00793647766113281,0,
00:00:07.804,-0.00417137145996094,-0.000223159790039063,0.00795364379882813,0,
00:00:07.808,-0.00420570373535156,-0.00025177001953125,0.00793647766113281,0,
00:00:07.812,-0.00422859191894531,-0.000211715698242188,0.00789642333984375,0,
00:00:07.816,-0.00424003601074219,-0.000223159790039063,0.00790214538574219,0,
00:00:07.82,-0.00421714782714844,-0.0002288818359375,0.00789642333984375,0,
00:00:07.824,-0.00419425964355469,-0.0002288818359375,0.00790786743164063,0,
00:00:07.828,-0.00417137145996094,-0.000223159790039063,0.00789642333984375,0,
00:00:07.832,-0.00420570373535156,-0.0002288818359375,0.00790214538574219,0,
00:00:07.836,-0.00420570373535156,-0.000234603881835938,0.00790214538574219,0,
00:00:07.84,-0.00420570373535156,-0.000211715698242188,0.00786781311035156,0,
00:00:07.844,-0.00421714782714844,-0.000211715698242188,0.00789642333984375,0,
00:00:07.848,-0.0041656494140625,-0.000246047973632813,0.0079193115234375,0,
00:00:07.852,-0.00419998168945313,-0.000246047973632813,0.00790214538574219,0,
00:00:07.856,-0.00422859191894531,-0.000223159790039063,0.00791358947753906,0,
00:00:07.86,-0.00420570373535156,-0.000200271606445313,0.00790214538574219,0,
00:00:07.864,-0.00415992736816406,-0.000200271606445313,0.00789642333984375,0,
00:00:07.868,-0.00415992736816406,-0.000211715698242188,0.00787925720214844,0,
00:00:07.872,-0.00419998168945313,-0.000246047973632813,0.0079193115234375,0,
00:00:07.876,-0.00419998168945313,-0.000246047973632813,0.0079193115234375,0,
00:00:07.88,-0.00422859191894531,-0.000223159790039063,0.00788497924804688,0,
00:00:07.884,-0.00420570373535156,-0.00020599365234375,0.00785636901855469,0,
00:00:07.888,-0.00417137145996094,-0.000240325927734375,0.00794219970703125,0,
00:00:07.892,-0.00418281555175781,-0.000246047973632813,0.0079193115234375,0,
00:00:07.896,-0.00422859191894531,-0.000240325927734375,0.00789070129394531,0,
00:00:07.9,-0.00424003601074219,-0.000223159790039063,0.00791358947753906,0,
00:00:07.904,-0.00421714782714844,-0.000223159790039063,0.00790214538574219,0,
00:00:07.908,-0.00421142578125,-0.000217437744140625,0.00790786743164063,0,
00:00:07.912,-0.00421142578125,-0.0002288818359375,0.00791358947753906,0,
00:00:07.916,-0.00419998168945313,-0.000211715698242188,0.00790214538574219,0,
00:00:07.92,-0.00418281555175781,-0.000211715698242188,0.00787925720214844,0,
00:00:07.924,-0.00418281555175781,-0.000188827514648438,0.00789642333984375,0,
00:00:07.928,-0.00414848327636719,-0.000200271606445313,0.00791358947753906,0,
00:00:07.932,-0.00415992736816406,-0.000223159790039063,0.00789070129394531,0,
00:00:07.936,-0.00418853759765625,-0.0002288818359375,0.00789070129394531,0,
00:00:07.94,-0.00417709350585938,-0.000246047973632813,0.00789070129394531,0,
00:00:07.944,-0.00418853759765625,-0.000240325927734375,0.00791358947753906,0,
00:00:07.948,-0.00423431396484375,-0.000234603881835938,0.00789070129394531,0,
00:00:07.952,-0.00422286987304688,-0.000217437744140625,0.00788497924804688,0,
00:00:07.956,-0.00418853759765625,-0.000211715698242188,0.00789642333984375,0,
00:00:07.96,-0.00415420532226563,-0.000200271606445313,0.00786209106445313,0,
00:00:07.964,-0.00415420532226563,-0.000200271606445313,0.00787925720214844,0,
00:00:07.968,-0.00417709350585938,-0.00025177001953125,0.00791358947753906,0,
00:00:07.972,-0.00420570373535156,-0.00025177001953125,0.00790214538574219,0,
00:00:07.976,-0.00420570373535156,-0.0002288818359375,0.00788497924804688,0,
00:00:07.98,-0.00420570373535156,-0.000234603881835938,0.00787353515625,0,
00:00:07.984,-0.00419998168945313,-0.000211715698242188,0.00790214538574219,0,
00:00:07.988,-0.00421142578125,-0.000217437744140625,0.0079193115234375,0,
00:00:07.992,-0.00418853759765625,-0.000223159790039063,0.0079193115234375,0,
00:00:07.996,-0.00418281555175781,-0.0002288818359375,0.00789642333984375,0,
00:00:08,-0.00417709350585938,-0.000223159790039063,0.00787353515625,0,
00:00:08.004,-0.00419998168945313,-0.0002288818359375,0.00789642333984375,0,
00:00:08.008,-0.00421714782714844,-0.000217437744140625,0.00790214538574219,0,
00:00:08.012,-0.00422286987304688,-0.000223159790039063,0.00790786743164063,0,
00:00:08.016,-0.00419998168945313,-0.000217437744140625,0.00789642333984375,0,
00:00:08.02,-0.00419425964355469,-0.000234603881835938,0.00787353515625,0,
00:00:08.024,-0.00417709350585938,-0.000240325927734375,0.00790786743164063,0,
00:00:08.028,-0.00418281555175781,-0.000200271606445313,0.00790214538574219,0,
00:00:08.032,-0.0041656494140625,-0.00020599365234375,0.00789070129394531,0,
00:00:08.036,-0.00417709350585938,-0.00020599365234375,0.00790214538574219,0,
00:00:08.04,-0.00419425964355469,-0.000211715698242188,0.00787925720214844,0,
00:00:08.044,-0.00418853759765625,-0.000217437744140625,0.00785064697265625,0,
00:00:08.048,-0.00419998168945313,-0.000234603881835938,0.00790214538574219,0,
00:00:08.052,-0.00420570373535156,-0.000217437744140625,0.00791358947753906,0,
00:00:08.056,-0.00418853759765625,-0.000223159790039063,0.00786781311035156,0,
00:00:08.06,-0.00418281555175781,-0.000217437744140625,0.00787925720214844,0,
00:00:08.064,-0.0041656494140625,-0.00020599365234375,0.00792503356933594,0,
00:00:08.068,-0.0041656494140625,-0.0002288818359375,0.00791358947753906,0,
00:00:08.072,-0.0041656494140625,-0.000263214111328125,0.00788497924804688,0,
00:00:08.076,-0.00415420532226563,-0.000223159790039063,0.00789070129394531,0,
00:00:08.08,-0.00419425964355469,-0.000234603881835938,0.00790786743164063,0,
00:00:08.084,-0.00419425964355469,-0.000223159790039063,0.00787925720214844,0,
00:00:08.088,-0.00422286987304688,-0.000211715698242188,0.00789070129394531,0,
00:00:08.092,-0.00419998168945313,-0.000217437744140625,0.00790214538574219,0,
00:00:08.096,-0.00418281555175781,-0.000223159790039063,0.00789642333984375,0,
00:00:08.1,-0.00417137145996094,-0.0002288818359375,0.00785636901855469,0,
00:00:08.104,-0.00417709350585938,-0.000223159790039063,0.00789642333984375,0,
00:00:08.108,-0.00419425964355469,-0.000211715698242188,0.0079193115234375,0,
00:00:08.112,-0.00418853759765625,-0.000223159790039063,0.00788497924804688,0,
00:00:08.116,-0.00418853759765625,-0.000234603881835938,0.00789642333984375,0,
00:00:08.12,-0.00415992736816406,-0.000211715698242188,0.00788497924804688,0,
00:00:08.124,-0.0041656494140625,-0.00020599365234375,0.00786781311035156,0,
00:00:08.128,-0.00417137145996094,-0.000217437744140625,0.00789070129394531,0,
00:00:08.132,-0.00415992736816406,-0.000234603881835938,0.00785636901855469,0,
00:00:08.136,-0.00418853759765625,-0.000217437744140625,0.00787925720214844,0,
00:00:08.14,-0.0041656494140625,-0.000177383422851563,0.00790214538574219,0,
00:00:08.144,-0.00415420532226563,-0.000223159790039063,0.00790786743164063,0,
00:00:08.148,-0.00419425964355469,-0.000240325927734375,0.00790786743164063,0,
00:00:08.152,-0.00420570373535156,-0.000211715698242188,0.00787353515625,0,
00:00:08.156,-0.00419425964355469,-0.000211715698242188,0.00789642333984375,0,
00:00:08.16,-0.00417137145996094,-0.000211715698242188,0.00787925720214844,0,
00:00:08.164,-0.00414276123046875,-0.000223159790039063,0.00787925720214844,0,
00:00:08.168,-0.004119873046875,-0.0002288818359375,0.00788497924804688,0,
00:00:08.172,-0.00418853759765625,-0.000240325927734375,0.00789070129394531,0,
00:00:08.176,-0.00418853759765625,-0.000211715698242188,0.00789642333984375,0,
00:00:08.18,-0.00419425964355469,-0.000194549560546875,0.00789070129394531,0,
00:00:08.184,-0.00417137145996094,-0.000194549560546875,0.00787353515625,0,
00:00:08.188,-0.00415420532226563,-0.000211715698242188,0.00786781311035156,0,
00:00:08.192,-0.00415992736816406,-0.000200271606445313,0.00788497924804688,0,
00:00:08.196,-0.00415420532226563,-0.00020599365234375,0.0079193115234375,0,
00:00:08.2,-0.00415992736816406,-0.0002288818359375,0.00789642333984375,0,
00:00:08.204,-0.0041656494140625,-0.00025177001953125,0.00788497924804688,0,
00:00:08.208,-0.00415992736816406,-0.000240325927734375,0.00787925720214844,0,
00:00:08.212,-0.00419425964355469,-0.000240325927734375,0.00787353515625,0,
00:00:08.216,-0.00420570373535156,-0.0002288818359375,0.00786781311035156,0,
00:00:08.22,-0.00418281555175781,-0.000217437744140625,0.00788497924804688,0,
00:00:08.224,-0.00417137145996094,-0.000217437744140625,0.00789642333984375,0,
00:00:08.228,-0.00415420532226563,-0.00020599365234375,0.00788497924804688,0,
00:00:08.232,-0.00414848327636719,-0.000211715698242188,0.00787353515625,0,
00:00:08.236,-0.00415992736816406,-0.000200271606445313,0.00786781311035156,0,
00:00:08.24,-0.00418853759765625,-0.000211715698242188,0.00787353515625,0,
00:00:08.244,-0.00417709350585938,-0.000200271606445313,0.00793075561523438,0,
00:00:08.248,-0.00418281555175781,-0.000223159790039063,0.00787925720214844,0,
00:00:08.252,-0.00415420532226563,-0.00025177001953125,0.00786209106445313,0,
00:00:08.256,-0.0041656494140625,-0.000217437744140625,0.00785636901855469,0,
00:00:08.26,-0.00418853759765625,-0.000188827514648438,0.00788497924804688,0,
00:00:08.264,-0.00417137145996094,-0.000217437744140625,0.00790786743164063,0,
00:00:08.268,-0.00414276123046875,-0.0002288818359375,0.00787925720214844,0,
00:00:08.272,-0.00414848327636719,-0.000223159790039063,0.00787925720214844,0,
00:00:08.276,-0.00418281555175781,-0.000211715698242188,0.00786209106445313,0,
00:00:08.28,-0.00417137145996094,-0.000217437744140625,0.00788497924804688,0,
00:00:08.284,-0.00415992736816406,-0.000211715698242188,0.00788497924804688,0,
00:00:08.288,-0.00418281555175781,-0.000200271606445313,0.00788497924804688,0,
00:00:08.292,-0.0041656494140625,-0.000223159790039063,0.00788497924804688,0,
00:00:08.296,-0.00414848327636719,-0.000211715698242188,0.00787353515625,0,
00:00:08.3,-0.0041656494140625,-0.000217437744140625,0.00787353515625,0,
00:00:08.304,-0.00417709350585938,-0.00020599365234375,0.00788497924804688,0,
00:00:08.308,-0.0041656494140625,-0.0002288818359375,0.00785636901855469,0,
00:00:08.312,-0.00415420532226563,-0.000211715698242188,0.00786209106445313,0,
00:00:08.316,-0.0041656494140625,-0.00020599365234375,0.00786209106445313,0,
00:00:08.32,-0.00415420532226563,-0.0002288818359375,0.00786781311035156,0,
00:00:08.324,-0.004119873046875,-0.0002288818359375,0.00786781311035156,0,
00:00:08.328,-0.00417137145996094,-0.000211715698242188,0.00789642333984375,0,
00:00:08.332,-0.00419425964355469,-0.000200271606445313,0.00789070129394531,0,
00:00:08.336,-0.00418853759765625,-0.000188827514648438,0.00781631469726563,0,
00:00:08.34,-0.00415420532226563,-0.00020599365234375,0.0078277587890625,0,
00:00:08.344,-0.00412559509277344,-0.000223159790039063,0.00788497924804688,0,
00:00:08.348,-0.00414848327636719,-0.00020599365234375,0.00790214538574219,0,
00:00:08.352,-0.00417709350585938,-0.00020599365234375,0.00789070129394531,0,
00:00:08.356,-0.00418281555175781,-0.000240325927734375,0.00786781311035156,0,
00:00:08.36,-0.00415420532226563,-0.000217437744140625,0.00788497924804688,0,
00:00:08.364,-0.00415992736816406,-0.000194549560546875,0.00787353515625,0,
00:00:08.368,-0.00415420532226563,-0.000223159790039063,0.00785636901855469,0,
00:00:08.372,-0.00414848327636719,-0.000217437744140625,0.00783920288085938,0,
00:00:08.376,-0.00417709350585938,-0.000223159790039063,0.00783920288085938,0,
00:00:08.38,-0.00414848327636719,-0.0002288818359375,0.00786209106445313,0,
00:00:08.384,-0.0041656494140625,-0.000188827514648438,0.00786781311035156,0,
00:00:08.388,-0.00418281555175781,-0.000211715698242188,0.00785064697265625,0,
00:00:08.392,-0.00417709350585938,-0.000217437744140625,0.00786209106445313,0,
00:00:08.396,-0.00415420532226563,-0.000217437744140625,0.00787353515625,0,
00:00:08.4,-0.00412559509277344,-0.000211715698242188,0.00785064697265625,0,
00:00:08.404,-0.00413131713867188,-0.000211715698242188,0.00785064697265625,0,
00:00:08.408,-0.0041656494140625,-0.000211715698242188,0.00788497924804688,0,
00:00:08.412,-0.00418281555175781,-0.000211715698242188,0.00785064697265625,0,
00:00:08.416,-0.0041656494140625,-0.000211715698242188,0.00785636901855469,0,
00:00:08.42,-0.00415420532226563,-0.00020599365234375,0.00785636901855469,0,
00:00:08.424,-0.00415420532226563,-0.00020599365234375,0.00786781311035156,0,
00:00:08.428,-0.00415992736816406,-0.000200271606445313,0.00784492492675781,0,
00:00:08.432,-0.00413131713867188,-0.000217437744140625,0.0078277587890625,0,
00:00:08.436,-0.00413703918457031,-0.000211715698242188,0.00786781311035156,0,
00:00:08.44,-0.00413131713867188,-0.000177383422851563,0.00786781311035156,0,
00:00:08.444,-0.00414848327636719,-0.00020599365234375,0.00786781311035156,0,
00:00:08.448,-0.0041656494140625,-0.000223159790039063,0.00785064697265625,0,
00:00:08.452,-0.0041656494140625,-0.000234603881835938,0.00783348083496094,0,
00:00:08.456,-0.0041656494140625,-0.000240325927734375,0.00786781311035156,0,
00:00:08.46,-0.0041656494140625,-0.000200271606445313,0.00788497924804688,0,
00:00:08.464,-0.00415420532226563,-0.000188827514648438,0.00785636901855469,0,
00:00:08.468,-0.0041656494140625,-0.000217437744140625,0.00785064697265625,0,
00:00:08.472,-0.00415992736816406,-0.00020599365234375,0.00786209106445313,0,
00:00:08.476,-0.00414848327636719,-0.000200271606445313,0.00785064697265625,0,
00:00:08.48,-0.004119873046875,-0.000217437744140625,0.00782203674316406,0,
00:00:08.484,-0.00414276123046875,-0.000217437744140625,0.00782203674316406,0,
00:00:08.488,-0.00415420532226563,-0.00020599365234375,0.00787925720214844,0,
00:00:08.492,-0.00415420532226563,-0.000217437744140625,0.00786209106445313,0,
00:00:08.496,-0.00415420532226563,-0.000217437744140625,0.00783920288085938,0,
00:00:08.5,-0.0041656494140625,-0.000217437744140625,0.00785064697265625,0,
00:00:08.504,-0.00414848327636719,-0.000217437744140625,0.00784492492675781,0,
00:00:08.508,-0.00414848327636719,-0.000240325927734375,0.00785064697265625,0,
00:00:08.512,-0.0041656494140625,-0.000211715698242188,0.0078277587890625,0,
00:00:08.516,-0.00418281555175781,-0.000188827514648438,0.00783920288085938,0,
00:00:08.52,-0.00414276123046875,-0.000211715698242188,0.00785064697265625,0,
00:00:08.524,-0.00411415100097656,-0.0002288818359375,0.00784492492675781,0,
00:00:08.528,-0.00412559509277344,-0.000211715698242188,0.00787353515625,0,
00:00:08.532,-0.00415420532226563,-0.000217437744140625,0.00785064697265625,0,
00:00:08.536,-0.00414848327636719,-0.000200271606445313,0.00783348083496094,0,
00:00:08.54,-0.00414276123046875,-0.000200271606445313,0.00783348083496094,0,
00:00:08.544,-0.00414276123046875,-0.000211715698242188,0.00783348083496094,0,
00:00:08.548,-0.004119873046875,-0.000211715698242188,0.00781059265136719,0,
00:00:08.552,-0.00413131713867188,-0.000217437744140625,0.00786781311035156,0,
00:00:08.556,-0.0041656494140625,-0.000223159790039063,0.00785636901855469,0,
00:00:08.56,-0.00417137145996094,-0.000217437744140625,0.00789070129394531,0,
00:00:08.564,-0.00417137145996094,-0.000240325927734375,0.00785636901855469,0,
00:00:08.568,-0.0041656494140625,-0.000223159790039063,0.0078277587890625,0,
00:00:08.572,-0.00417137145996094,-0.00020599365234375,0.00783348083496094,0,
00:00:08.576,-0.00415992736816406,-0.000217437744140625,0.00786781311035156,0,
00:00:08.58,-0.00414848327636719,-0.00020599365234375,0.00785064697265625,0,
00:00:08.584,-0.00412559509277344,-0.00020599365234375,0.00784492492675781,0,
00:00:08.588,-0.00413703918457031,-0.00020599365234375,0.00785064697265625,0,
00:00:08.592,-0.00415992736816406,-0.000217437744140625,0.00783920288085938,0,
00:00:08.596,-0.00413131713867188,-0.0002288818359375,0.00783920288085938,0,
00:00:08.6,-0.00412559509277344,-0.000223159790039063,0.00785636901855469,0,
00:00:08.604,-0.00415420532226563,-0.000211715698242188,0.00779914855957031,0,
00:00:08.608,-0.00417137145996094,-0.000217437744140625,0.00781059265136719,0,
00:00:08.612,-0.00415992736816406,-0.000211715698242188,0.00786209106445313,0,
00:00:08.616,-0.004119873046875,-0.000211715698242188,0.00785636901855469,0,
00:00:08.62,-0.004119873046875,-0.000200271606445313,0.00783348083496094,0,
00:00:08.624,-0.00415420532226563,-0.000200271606445313,0.00779342651367188,0,
00:00:08.628,-0.00413703918457031,-0.000234603881835938,0.00786209106445313,0,
00:00:08.632,-0.00412559509277344,-0.000234603881835938,0.00787925720214844,0,
00:00:08.636,-0.00413703918457031,-0.000217437744140625,0.00786781311035156,0,
00:00:08.64,-0.00415420532226563,-0.000211715698242188,0.00783920288085938,0,
00:00:08.644,-0.00414848327636719,-0.000200271606445313,0.00785636901855469,0,
00:00:08.648,-0.00415992736816406,-0.000200271606445313,0.00786209106445313,0,
00:00:08.652,-0.00414848327636719,-0.000217437744140625,0.00783920288085938,0,
00:00:08.656,-0.00412559509277344,-0.000223159790039063,0.00785064697265625,0,
00:00:08.66,-0.00412559509277344,-0.000211715698242188,0.00786781311035156,0,
00:00:08.664,-0.00414848327636719,-0.000194549560546875,0.00783920288085938,0,
00:00:08.668,-0.00418281555175781,-0.00020599365234375,0.00781059265136719,0,
00:00:08.672,-0.00415992736816406,-0.000234603881835938,0.00784492492675781,0,
00:00:08.676,-0.00409698486328125,-0.000200271606445313,0.00782203674316406,0,
00:00:08.68,-0.00412559509277344,-0.000211715698242188,0.00780487060546875,0,
00:00:08.684,-0.00415420532226563,-0.000200271606445313,0.00781631469726563,0,
00:00:08.688,-0.00415992736816406,-0.000200271606445313,0.00786781311035156,0,
00:00:08.692,-0.00413703918457031,-0.000211715698242188,0.00785636901855469,0,
00:00:08.696,-0.004119873046875,-0.000211715698242188,0.00783920288085938,0,
00:00:08.7,-0.00413131713867188,-0.000194549560546875,0.00784492492675781,0,
00:00:08.704,-0.00414276123046875,-0.000211715698242188,0.00783920288085938,0,
00:00:08.708,-0.00413703918457031,-0.0002288818359375,0.00782203674316406,0,
00:00:08.712,-0.00414848327636719,-0.000217437744140625,0.00784492492675781,0,
00:00:08.716,-0.00414276123046875,-0.00020599365234375,0.00785064697265625,0,
00:00:08.72,-0.00413131713867188,-0.000217437744140625,0.00785064697265625,0,
00:00:08.724,-0.00410842895507813,-0.000194549560546875,0.0078277587890625,0,
00:00:08.728,-0.00413131713867188,-0.000194549560546875,0.00783920288085938,0,
00:00:08.732,-0.004119873046875,-0.000211715698242188,0.00784492492675781,0,
00:00:08.736,-0.00410842895507813,-0.000223159790039063,0.00785636901855469,0,
00:00:08.74,-0.00414848327636719,-0.00020599365234375,0.00786209106445313,0,
00:00:08.744,-0.00415420532226563,-0.000217437744140625,0.00782203674316406,0,
00:00:08.748,-0.00413131713867188,-0.0002288818359375,0.00782203674316406,0,
00:00:08.752,-0.00414848327636719,-0.000211715698242188,0.00782203674316406,0,
00:00:08.756,-0.00415992736816406,-0.000194549560546875,0.00785636901855469,0,
00:00:08.76,-0.00412559509277344,-0.00020599365234375,0.00785064697265625,0,
00:00:08.764,-0.00412559509277344,-0.000211715698242188,0.0078277587890625,0,
00:00:08.768,-0.00413131713867188,-0.000194549560546875,0.00784492492675781,0,
00:00:08.772,-0.00413131713867188,-0.000211715698242188,0.00784492492675781,0,
00:00:08.776,-0.00414276123046875,-0.000200271606445313,0.00782203674316406,0,
00:00:08.78,-0.00412559509277344,-0.000223159790039063,0.00780487060546875,0,
00:00:08.784,-0.00413703918457031,-0.000211715698242188,0.00781631469726563,0,
00:00:08.788,-0.00414276123046875,-0.000200271606445313,0.0078277587890625,0,
00:00:08.792,-0.00412559509277344,-0.000223159790039063,0.00784492492675781,0,
00:00:08.796,-0.00414848327636719,-0.0002288818359375,0.0078277587890625,0,
00:00:08.8,-0.0041656494140625,-0.000194549560546875,0.00779914855957031,0,
00:00:08.804,-0.00414276123046875,-0.000200271606445313,0.00785064697265625,0,
00:00:08.808,-0.00411415100097656,-0.000217437744140625,0.00785064697265625,0,
00:00:08.812,-0.004119873046875,-0.000211715698242188,0.00782203674316406,0,
00:00:08.816,-0.00413703918457031,-0.00020599365234375,0.00781059265136719,0,
00:00:08.82,-0.00411415100097656,-0.00020599365234375,0.00786209106445313,0,
00:00:08.824,-0.00410842895507813,-0.00020599365234375,0.00787353515625,0,
00:00:08.828,-0.004119873046875,-0.000217437744140625,0.0078277587890625,0,
00:00:08.832,-0.00412559509277344,-0.000194549560546875,0.00782203674316406,0,
00:00:08.836,-0.00412559509277344,-0.000200271606445313,0.00782203674316406,0,
00:00:08.84,-0.00413703918457031,-0.00020599365234375,0.007781982421875,0,
00:00:08.844,-0.00413703918457031,-0.000217437744140625,0.00779342651367188,0,
00:00:08.848,-0.004119873046875,-0.000211715698242188,0.00785636901855469,0,
00:00:08.852,-0.00411415100097656,-0.000194549560546875,0.00787925720214844,0,
00:00:08.856,-0.00412559509277344,-0.000200271606445313,0.00785064697265625,0,
00:00:08.86,-0.00413703918457031,-0.000217437744140625,0.00781059265136719,0,
00:00:08.864,-0.00413703918457031,-0.000200271606445313,0.00781631469726563,0,
00:00:08.868,-0.00412559509277344,-0.00020599365234375,0.00783920288085938,0,
00:00:08.872,-0.004119873046875,-0.000223159790039063,0.00783920288085938,0,
00:00:08.876,-0.00411415100097656,-0.00020599365234375,0.00781631469726563,0,
00:00:08.88,-0.004119873046875,-0.000200271606445313,0.00781631469726563,0,
00:00:08.884,-0.004119873046875,-0.000200271606445313,0.0078277587890625,0,
00:00:08.888,-0.00412559509277344,-0.0002288818359375,0.00781059265136719,0,
00:00:08.892,-0.00413703918457031,-0.000234603881835938,0.00781631469726563,0,
00:00:08.896,-0.00412559509277344,-0.000223159790039063,0.00782203674316406,0,
00:00:08.9,-0.00413131713867188,-0.000217437744140625,0.00781631469726563,0,
00:00:08.904,-0.00413703918457031,-0.0002288818359375,0.00786209106445313,0,
00:00:08.908,-0.00413131713867188,-0.000194549560546875,0.0078277587890625,0,
00:00:08.912,-0.00411415100097656,-0.000194549560546875,0.00780487060546875,0,
00:00:08.916,-0.00412559509277344,-0.000200271606445313,0.00781059265136719,0,
00:00:08.92,-0.00413703918457031,-0.000194549560546875,0.00783920288085938,0,
00:00:08.924,-0.00412559509277344,-0.000194549560546875,0.00783348083496094,0,
00:00:08.928,-0.00411415100097656,-0.000194549560546875,0.00781631469726563,0,
00:00:08.932,-0.004119873046875,-0.000211715698242188,0.00779342651367188,0,
00:00:08.936,-0.00411415100097656,-0.000200271606445313,0.00776481628417969,0,
00:00:08.94,-0.00413131713867188,-0.000194549560546875,0.00775337219238281,0,
00:00:08.944,-0.00412559509277344,-0.00018310546875,0.00775337219238281,0,
00:00:08.948,-0.00409126281738281,-0.000217437744140625,0.00779914855957031,0,
00:00:08.952,-0.00409126281738281,-0.000217437744140625,0.00784492492675781,0,
00:00:08.956,-0.00410270690917969,-0.000211715698242188,0.00785064697265625,0,
00:00:08.96,-0.00413131713867188,-0.000217437744140625,0.00784492492675781,0,
00:00:08.964,-0.00414276123046875,-0.000211715698242188,0.00781631469726563,0,
00:00:08.968,-0.00413131713867188,-0.00020599365234375,0.00783920288085938,0,
00:00:08.972,-0.00411415100097656,-0.000211715698242188,0.00781631469726563,0,
00:00:08.976,-0.00410270690917969,-0.000211715698242188,0.00781059265136719,0,
00:00:08.98,-0.00410270690917969,-0.000217437744140625,0.0078277587890625,0,
00:00:08.984,-0.00410270690917969,-0.000217437744140625,0.00783348083496094,0,
00:00:08.988,-0.00413703918457031,-0.000217437744140625,0.0078277587890625,0,
00:00:08.992,-0.00413131713867188,-0.000234603881835938,0.00782203674316406,0,
00:00:08.996,-0.00414276123046875,-0.000234603881835938,0.00781059265136719,0,
00:00:09,-0.00413131713867188,-0.000194549560546875,0.00780487060546875,0,
00:00:09.004,-0.00409698486328125,-0.000171661376953125,0.00780487060546875,0,
00:00:09.008,-0.00409698486328125,-0.00020599365234375,0.00782203674316406,0,
00:00:09.012,-0.00408554077148438,-0.000223159790039063,0.00782203674316406,0,
00:00:09.016,-0.00410270690917969,-0.000194549560546875,0.00781631469726563,0,
00:00:09.02,-0.00413703918457031,-0.000217437744140625,0.00781631469726563,0,
00:00:09.024,-0.00414276123046875,-0.000223159790039063,0.007781982421875,0,
00:00:09.028,-0.00414848327636719,-0.000217437744140625,0.007781982421875,0,
00:00:09.032,-0.00413131713867188,-0.000211715698242188,0.00782203674316406,0,
00:00:09.036,-0.00412559509277344,-0.000211715698242188,0.00784492492675781,0,
00:00:09.04,-0.00410842895507813,-0.000200271606445313,0.0078277587890625,0,
00:00:09.044,-0.00411415100097656,-0.000194549560546875,0.00779914855957031,0,
00:00:09.048,-0.00410842895507813,-0.000211715698242188,0.00778770446777344,0,
00:00:09.052,-0.00409698486328125,-0.000223159790039063,0.00781059265136719,0,
00:00:09.056,-0.00409698486328125,-0.0002288818359375,0.00781059265136719,0,
00:00:09.06,-0.00414848327636719,-0.000200271606445313,0.00778770446777344,0,
00:00:09.064,-0.00417137145996094,-0.000188827514648438,0.00779342651367188,0,
00:00:09.068,-0.00414276123046875,-0.000171661376953125,0.00779914855957031,0,
00:00:09.072,-0.00407981872558594,-0.000194549560546875,0.00777053833007813,0,
00:00:09.076,-0.00406837463378906,-0.000211715698242188,0.00780487060546875,0,
00:00:09.08,-0.00408554077148438,-0.000223159790039063,0.00783920288085938,0,
00:00:09.084,-0.00409698486328125,-0.000217437744140625,0.00782203674316406,0,
00:00:09.088,-0.00410842895507813,-0.00020599365234375,0.00781631469726563,0,
00:00:09.092,-0.004119873046875,-0.000217437744140625,0.00779914855957031,0,
00:00:09.096,-0.00413703918457031,-0.00020599365234375,0.00780487060546875,0,
00:00:09.1,-0.00412559509277344,-0.000188827514648438,0.00780487060546875,0,
00:00:09.104,-0.00413131713867188,-0.00020599365234375,0.00778770446777344,0,
00:00:09.108,-0.00411415100097656,-0.000223159790039063,0.00777053833007813,0,
00:00:09.112,-0.00412559509277344,-0.000211715698242188,0.00782203674316406,0,
00:00:09.116,-0.00410842895507813,-0.000200271606445313,0.00782203674316406,0,
00:00:09.12,-0.00409126281738281,-0.000200271606445313,0.00780487060546875,0,
00:00:09.124,-0.00410270690917969,-0.000217437744140625,0.00777626037597656,0,
00:00:09.128,-0.00410270690917969,-0.000217437744140625,0.00779914855957031,0,
00:00:09.132,-0.00411415100097656,-0.000200271606445313,0.00778770446777344,0,
00:00:09.136,-0.00413131713867188,-0.000217437744140625,0.00781059265136719,0,
00:00:09.14,-0.00413131713867188,-0.000211715698242188,0.00780487060546875,0,
00:00:09.144,-0.00414276123046875,-0.000211715698242188,0.00779342651367188,0,
00:00:09.148,-0.00410270690917969,-0.0002288818359375,0.0078277587890625,0,
00:00:09.152,-0.00410842895507813,-0.000194549560546875,0.00781059265136719,0,
00:00:09.156,-0.00413131713867188,-0.000194549560546875,0.00779914855957031,0,
00:00:09.16,-0.00410270690917969,-0.000194549560546875,0.00779342651367188,0,
00:00:09.164,-0.00411415100097656,-0.000211715698242188,0.00782203674316406,0,
00:00:09.168,-0.00409126281738281,-0.000194549560546875,0.0078277587890625,0,
00:00:09.172,-0.00410270690917969,-0.00020599365234375,0.00781631469726563,0,
00:00:09.176,-0.00410270690917969,-0.00020599365234375,0.00780487060546875,0,
00:00:09.18,-0.00410270690917969,-0.000223159790039063,0.00779342651367188,0,
00:00:09.184,-0.004119873046875,-0.000211715698242188,0.007781982421875,0,
00:00:09.188,-0.00413131713867188,-0.00018310546875,0.00778770446777344,0,
00:00:09.192,-0.00412559509277344,-0.000188827514648438,0.00778770446777344,0,
00:00:09.196,-0.00410270690917969,-0.000217437744140625,0.00779342651367188,0,
00:00:09.2,-0.00408554077148438,-0.000211715698242188,0.00781059265136719,0,
00:00:09.204,-0.00409126281738281,-0.000211715698242188,0.00782203674316406,0,
00:00:09.208,-0.00411415100097656,-0.000211715698242188,0.00782203674316406,0,
00:00:09.212,-0.00411415100097656,-0.000211715698242188,0.00779342651367188,0,
00:00:09.216,-0.00409126281738281,-0.000211715698242188,0.00779342651367188,0,
00:00:09.22,-0.00410842895507813,-0.000211715698242188,0.00780487060546875,0,
00:00:09.224,-0.004119873046875,-0.00020599365234375,0.00782203674316406,0,
00:00:09.228,-0.00410842895507813,-0.000223159790039063,0.00779914855957031,0,
00:00:09.232,-0.00407981872558594,-0.000217437744140625,0.00778770446777344,0,
00:00:09.236,-0.00409126281738281,-0.000194549560546875,0.00778770446777344,0,
00:00:09.24,-0.00410270690917969,-0.000194549560546875,0.007781982421875,0,
00:00:09.244,-0.00409126281738281,-0.000217437744140625,0.00780487060546875,0,
00:00:09.248,-0.00410270690917969,-0.000217437744140625,0.0078277587890625,0,
00:00:09.252,-0.00414276123046875,-0.00020599365234375,0.00781059265136719,0,
00:00:09.256,-0.00415420532226563,-0.00020599365234375,0.00782203674316406,0,
00:00:09.26,-0.00410842895507813,-0.00020599365234375,0.00781631469726563,0,
00:00:09.264,-0.004119873046875,-0.00020599365234375,0.00776481628417969,0,
00:00:09.268,-0.00410270690917969,-0.000211715698242188,0.00780487060546875,0,
00:00:09.272,-0.00408554077148438,-0.000234603881835938,0.00783348083496094,0,
00:00:09.276,-0.00409126281738281,-0.000211715698242188,0.00781059265136719,0,
00:00:09.28,-0.00411415100097656,-0.000188827514648438,0.00781059265136719,0,
00:00:09.284,-0.00412559509277344,-0.000200271606445313,0.00781631469726563,0,
00:00:09.288,-0.00410842895507813,-0.000211715698242188,0.00780487060546875,0,
00:00:09.292,-0.00410270690917969,-0.000217437744140625,0.00780487060546875,0,
00:00:09.296,-0.00409126281738281,-0.00020599365234375,0.00780487060546875,0,
00:00:09.3,-0.00407981872558594,-0.000211715698242188,0.00781631469726563,0,
00:00:09.304,-0.00409698486328125,-0.000200271606445313,0.00781631469726563,0,
00:00:09.308,-0.00411415100097656,-0.000200271606445313,0.0078277587890625,0,
00:00:09.312,-0.00410270690917969,-0.000223159790039063,0.00781631469726563,0,
00:00:09.316,-0.00408554077148438,-0.000240325927734375,0.00780487060546875,0,
00:00:09.32,-0.00409698486328125,-0.000194549560546875,0.00779342651367188,0,
00:00:09.324,-0.00409698486328125,-0.000194549560546875,0.00785636901855469,0,
00:00:09.328,-0.00411415100097656,-0.000211715698242188,0.00785064697265625,0,
00:00:09.332,-0.00411415100097656,-0.000223159790039063,0.0078277587890625,0,
00:00:09.336,-0.00409698486328125,-0.00020599365234375,0.00782203674316406,0,
00:00:09.34,-0.00407981872558594,-0.000194549560546875,0.00782203674316406,0,
00:00:09.344,-0.00409126281738281,-0.000217437744140625,0.00782203674316406,0,
00:00:09.348,-0.00409698486328125,-0.000223159790039063,0.00779342651367188,0,
00:00:09.352,-0.00410842895507813,-0.000217437744140625,0.00782203674316406,0,
00:00:09.356,-0.00408554077148438,-0.000217437744140625,0.00785064697265625,0,
00:00:09.36,-0.00408554077148438,-0.00020599365234375,0.00783348083496094,0,
00:00:09.364,-0.00410270690917969,-0.000200271606445313,0.00779914855957031,0,
00:00:09.368,-0.00410270690917969,-0.000211715698242188,0.00777053833007813,0,
00:00:09.372,-0.00409698486328125,-0.000211715698242188,0.00786781311035156,0,
00:00:09.376,-0.00409126281738281,-0.000211715698242188,0.00786209106445313,0,
00:00:09.38,-0.004119873046875,-0.000217437744140625,0.00784492492675781,0,
00:00:09.384,-0.00412559509277344,-0.000223159790039063,0.00783920288085938,0,
00:00:09.388,-0.004119873046875,-0.0002288818359375,0.00783920288085938,0,
00:00:09.392,-0.00411415100097656,-0.000223159790039063,0.00783920288085938,0,
00:00:09.396,-0.00410842895507813,-0.000217437744140625,0.00783920288085938,0,
00:00:09.4,-0.00410842895507813,-0.00020599365234375,0.0078277587890625,0,
00:00:09.404,-0.00410270690917969,-0.00020599365234375,0.00783920288085938,0,
00:00:09.408,-0.0040740966796875,-0.000234603881835938,0.00783348083496094,0,
00:00:09.412,-0.00408554077148438,-0.000223159790039063,0.0078277587890625,0,
00:00:09.416,-0.00410270690917969,-0.00020599365234375,0.00786209106445313,0,
00:00:09.42,-0.00409126281738281,-0.000211715698242188,0.00782203674316406,0,
00:00:09.424,-0.00407981872558594,-0.000211715698242188,0.00783348083496094,0,
00:00:09.428,-0.00408554077148438,-0.0002288818359375,0.00785636901855469,0,
00:00:09.432,-0.00410842895507813,-0.000200271606445313,0.00786781311035156,0,
00:00:09.436,-0.00409126281738281,-0.000200271606445313,0.00785636901855469,0,
00:00:09.44,-0.00406265258789063,-0.000234603881835938,0.00786781311035156,0,
00:00:09.444,-0.00406265258789063,-0.000211715698242188,0.00785064697265625,0,
00:00:09.448,-0.00411415100097656,-0.000194549560546875,0.0078277587890625,0,
00:00:09.452,-0.00409126281738281,-0.000223159790039063,0.00785636901855469,0,
00:00:09.456,-0.00409698486328125,-0.000223159790039063,0.00786209106445313,0,
00:00:09.46,-0.00410270690917969,-0.000200271606445313,0.00786781311035156,0,
00:00:09.464,-0.00408554077148438,-0.0002288818359375,0.00786781311035156,0,
00:00:09.468,-0.00407981872558594,-0.0002288818359375,0.00785636901855469,0,
00:00:09.472,-0.00411415100097656,-0.000217437744140625,0.00785636901855469,0,
00:00:09.476,-0.00411415100097656,-0.000223159790039063,0.00786781311035156,0,
00:00:09.48,-0.00409698486328125,-0.000200271606445313,0.00787925720214844,0,
00:00:09.484,-0.00409698486328125,-0.000223159790039063,0.00786781311035156,0,
00:00:09.488,-0.00410270690917969,-0.000211715698242188,0.00784492492675781,0,
00:00:09.492,-0.00410270690917969,-0.0002288818359375,0.00783348083496094,0,
00:00:09.496,-0.00409126281738281,-0.000217437744140625,0.00783920288085938,0,
00:00:09.5,-0.00407981872558594,-0.000240325927734375,0.00787925720214844,0,
00:00:09.504,-0.00410270690917969,-0.0002288818359375,0.00791358947753906,0,
00:00:09.508,-0.00414848327636719,-0.000211715698242188,0.00789642333984375,0,
00:00:09.512,-0.00412559509277344,-0.00020599365234375,0.00787353515625,0,
00:00:09.516,-0.00405693054199219,-0.000217437744140625,0.00787353515625,0,
00:00:09.52,-0.00406265258789063,-0.00020599365234375,0.00787353515625,0,
00:00:09.524,-0.00407981872558594,-0.000211715698242188,0.00787925720214844,0,
00:00:09.528,-0.00407981872558594,-0.000211715698242188,0.00787925720214844,0,
00:00:09.532,-0.00409698486328125,-0.000211715698242188,0.00785064697265625,0,
00:00:09.536,-0.00407981872558594,-0.000217437744140625,0.00789070129394531,0,
00:00:09.54,-0.00407981872558594,-0.000211715698242188,0.00788497924804688,0,
00:00:09.544,-0.00411415100097656,-0.000217437744140625,0.00787353515625,0,
00:00:09.548,-0.00409698486328125,-0.000223159790039063,0.00787925720214844,0,
00:00:09.552,-0.00407981872558594,-0.000217437744140625,0.00790786743164063,0,
00:00:09.556,-0.00407981872558594,-0.00020599365234375,0.00789642333984375,0,
00:00:09.56,-0.00411415100097656,-0.000211715698242188,0.00787353515625,0,
00:00:09.564,-0.00410270690917969,-0.000217437744140625,0.00789070129394531,0,
00:00:09.568,-0.00407981872558594,-0.000194549560546875,0.00790214538574219,0,
00:00:09.572,-0.00407981872558594,-0.000217437744140625,0.00790786743164063,0,
00:00:09.576,-0.00409126281738281,-0.000223159790039063,0.00789642333984375,0,
00:00:09.58,-0.00410270690917969,-0.00020599365234375,0.00786781311035156,0,
00:00:09.584,-0.00408554077148438,-0.0002288818359375,0.00789070129394531,0,
00:00:09.588,-0.00409126281738281,-0.000223159790039063,0.00793075561523438,0,
00:00:09.592,-0.00410842895507813,-0.000211715698242188,0.0079193115234375,0,
00:00:09.596,-0.00409126281738281,-0.000223159790039063,0.00790786743164063,0,
00:00:09.6,-0.00408554077148438,-0.0002288818359375,0.00791358947753906,0,
00:00:09.604,-0.00409126281738281,-0.0002288818359375,0.0079193115234375,0,
00:00:09.608,-0.00410270690917969,-0.000217437744140625,0.0079193115234375,0,
00:00:09.612,-0.00409126281738281,-0.00020599365234375,0.00794219970703125,0,
00:00:09.616,-0.004119873046875,-0.000217437744140625,0.00792503356933594,0,
00:00:09.62,-0.00410270690917969,-0.000217437744140625,0.0079193115234375,0,
00:00:09.624,-0.00409126281738281,-0.00020599365234375,0.00792503356933594,0,
00:00:09.628,-0.00409698486328125,-0.00020599365234375,0.00794219970703125,0,
00:00:09.632,-0.00407981872558594,-0.000234603881835938,0.00790786743164063,0,
00:00:09.636,-0.00407981872558594,-0.000223159790039063,0.00789070129394531,0,
00:00:09.64,-0.00408554077148438,-0.000234603881835938,0.00793647766113281,0,
00:00:09.644,-0.00407981872558594,-0.000246047973632813,0.00794792175292969,0,
00:00:09.648,-0.00410842895507813,-0.000217437744140625,0.00790786743164063,0,
00:00:09.652,-0.00409698486328125,-0.000188827514648438,0.00793075561523438,0,
00:00:09.656,-0.00405693054199219,-0.000194549560546875,0.00795364379882813,0,
00:00:09.66,-0.00406265258789063,-0.000223159790039063,0.00793075561523438,0,
00:00:09.664,-0.00405693054199219,-0.000234603881835938,0.00794219970703125,0,
00:00:09.668,-0.00407981872558594,-0.000240325927734375,0.00797080993652344,0,
00:00:09.672,-0.00409698486328125,-0.000211715698242188,0.00797080993652344,0,
00:00:09.676,-0.00411415100097656,-0.00018310546875,0.00794792175292969,0,
00:00:09.68,-0.00411415100097656,-0.000211715698242188,0.00797080993652344,0,
00:00:09.684,-0.00408554077148438,-0.000217437744140625,0.007965087890625,0,
00:00:09.688,-0.00406837463378906,-0.000217437744140625,0.00795936584472656,0,
00:00:09.692,-0.00407981872558594,-0.000217437744140625,0.007965087890625,0,
00:00:09.696,-0.0040740966796875,-0.000223159790039063,0.00794219970703125,0,
00:00:09.7,-0.00409698486328125,-0.000223159790039063,0.00795936584472656,0,
00:00:09.704,-0.00411415100097656,-0.0002288818359375,0.00797080993652344,0,
00:00:09.708,-0.00410842895507813,-0.0002288818359375,0.00795364379882813,0,
00:00:09.712,-0.00410270690917969,-0.000217437744140625,0.00797080993652344,0,
00:00:09.716,-0.00407981872558594,-0.000217437744140625,0.00795364379882813,0,
00:00:09.72,-0.0040740966796875,-0.000234603881835938,0.00798797607421875,0,
00:00:09.724,-0.0040740966796875,-0.00020599365234375,0.00802230834960938,0,
00:00:09.728,-0.00409126281738281,-0.000217437744140625,0.00798225402832031,0,
00:00:09.732,-0.004119873046875,-0.000217437744140625,0.00797080993652344,0,
00:00:09.736,-0.00410270690917969,-0.000223159790039063,0.00798797607421875,0,
00:00:09.74,-0.00406837463378906,-0.000223159790039063,0.00800514221191406,0,
00:00:09.744,-0.00407981872558594,-0.000211715698242188,0.0080108642578125,0,
00:00:09.748,-0.00409126281738281,-0.0002288818359375,0.00798225402832031,0,
00:00:09.752,-0.00406837463378906,-0.0002288818359375,0.00800514221191406,0,
00:00:09.756,-0.00406837463378906,-0.000217437744140625,0.00801658630371094,0,
00:00:09.76,-0.00407981872558594,-0.000211715698242188,0.00800514221191406,0,
00:00:09.764,-0.00406837463378906,-0.000223159790039063,0.00798797607421875,0,
00:00:09.768,-0.00406837463378906,-0.0002288818359375,0.00800514221191406,0,
00:00:09.772,-0.00410270690917969,-0.000234603881835938,0.00798797607421875,0,
00:00:09.776,-0.00411415100097656,-0.000217437744140625,0.00798225402832031,0,
00:00:09.78,-0.00409698486328125,-0.000217437744140625,0.00800514221191406,0,
00:00:09.784,-0.00410270690917969,-0.000211715698242188,0.00803375244140625,0,
00:00:09.788,-0.00410270690917969,-0.000217437744140625,0.00801658630371094,0,
00:00:09.792,-0.0040740966796875,-0.000217437744140625,0.00799369812011719,0,
00:00:09.796,-0.00406837463378906,-0.000217437744140625,0.00799942016601563,0,
00:00:09.8,-0.00405693054199219,-0.000217437744140625,0.00798797607421875,0,
00:00:09.804,-0.0040740966796875,-0.000234603881835938,0.00800514221191406,0,
00:00:09.808,-0.00409126281738281,-0.000246047973632813,0.00804519653320313,0,
00:00:09.812,-0.00410270690917969,-0.0002288818359375,0.00803947448730469,0,
00:00:09.816,-0.00412559509277344,-0.000194549560546875,0.00804519653320313,0,
00:00:09.82,-0.00408554077148438,-0.0002288818359375,0.0080108642578125,0,
00:00:09.824,-0.00404548645019531,-0.0002288818359375,0.00802803039550781,0,
00:00:09.828,-0.00407981872558594,-0.000234603881835938,0.00805091857910156,0,
00:00:09.832,-0.00410270690917969,-0.0002288818359375,0.00802803039550781,0,
00:00:09.836,-0.00409698486328125,-0.000223159790039063,0.00804519653320313,0,
00:00:09.84,-0.00407981872558594,-0.0002288818359375,0.00803375244140625,0,
00:00:09.844,-0.00410270690917969,-0.000240325927734375,0.00803375244140625,0,
00:00:09.848,-0.00407981872558594,-0.000217437744140625,0.008056640625,0,
00:00:09.852,-0.00406265258789063,-0.000217437744140625,0.008056640625,0,
00:00:09.856,-0.00406265258789063,-0.000211715698242188,0.00802803039550781,0,
00:00:09.86,-0.00407981872558594,-0.000217437744140625,0.00801658630371094,0,
00:00:09.864,-0.00406265258789063,-0.000234603881835938,0.008056640625,0,
00:00:09.868,-0.00406837463378906,-0.000240325927734375,0.00803375244140625,0,
00:00:09.872,-0.00409126281738281,-0.000234603881835938,0.00802803039550781,0,
00:00:09.876,-0.00409698486328125,-0.0002288818359375,0.00803375244140625,0,
00:00:09.88,-0.00409126281738281,-0.000223159790039063,0.00806236267089844,0,
00:00:09.884,-0.00410842895507813,-0.0002288818359375,0.008056640625,0,
00:00:09.888,-0.00410842895507813,-0.000223159790039063,0.00802803039550781,0,
00:00:09.892,-0.00407981872558594,-0.000217437744140625,0.00806808471679688,0,
00:00:09.896,-0.00404548645019531,-0.000217437744140625,0.00806808471679688,0,
00:00:09.9,-0.00404548645019531,-0.0002288818359375,0.00803947448730469,0,
00:00:09.904,-0.00407981872558594,-0.000223159790039063,0.00803947448730469,0,
00:00:09.908,-0.00407981872558594,-0.0002288818359375,0.00803375244140625,0,
00:00:09.912,-0.00408554077148438,-0.000240325927734375,0.00802803039550781,0,
00:00:09.916,-0.00409126281738281,-0.0002288818359375,0.00806808471679688,0,
00:00:09.92,-0.00410270690917969,-0.000223159790039063,0.00806808471679688,0,
00:00:09.924,-0.00410270690917969,-0.000223159790039063,0.00804519653320313,0,
00:00:09.928,-0.00407981872558594,-0.000246047973632813,0.008056640625,0,
00:00:09.932,-0.00403976440429688,-0.0002288818359375,0.00806808471679688,0,
00:00:09.936,-0.0040740966796875,-0.000223159790039063,0.00805091857910156,0,
00:00:09.94,-0.00409698486328125,-0.000234603881835938,0.00806808471679688,0,
00:00:09.944,-0.00409698486328125,-0.000217437744140625,0.008056640625,0,
00:00:09.948,-0.00410270690917969,-0.000240325927734375,0.00805091857910156,0,
00:00:09.952,-0.00409126281738281,-0.000234603881835938,0.00807380676269531,0,
00:00:09.956,-0.00407981872558594,-0.000217437744140625,0.00806236267089844,0,
00:00:09.96,-0.0040740966796875,-0.000217437744140625,0.008056640625,0,
00:00:09.964,-0.00408554077148438,-0.000234603881835938,0.00805091857910156,0,
00:00:09.968,-0.00408554077148438,-0.000234603881835938,0.00803947448730469,0,
00:00:09.972,-0.00406837463378906,-0.0002288818359375,0.00807380676269531,0,
00:00:09.976,-0.00406265258789063,-0.000240325927734375,0.00809669494628906,0,
00:00:09.98,-0.00406265258789063,-0.000200271606445313,0.00806808471679688,0,
00:00:09.984,-0.00408554077148438,-0.000223159790039063,0.00807380676269531,0,
00:00:09.988,-0.00408554077148438,-0.000234603881835938,0.008056640625,0,
00:00:09.992,-0.00408554077148438,-0.0002288818359375,0.00806236267089844,0,
00:00:09.996,-0.0040740966796875,-0.000217437744140625,0.00807380676269531,0,
00:00:10,-0.00409126281738281,-0.000234603881835938,0.00806236267089844,0,
00:00:10.004,-0.00407981872558594,-0.000257492065429688,0.00808525085449219,0,
00:00:10.008,-0.0040740966796875,-0.000257492065429688,0.00806808471679688,0,
00:00:10.012,-0.00408554077148438,-0.000234603881835938,0.00807952880859375,0,
00:00:10.016,-0.00409698486328125,-0.000217437744140625,0.00807952880859375,0,
00:00:10.02,-0.00410270690917969,-0.000223159790039063,0.00806808471679688,0,
00:00:10.024,-0.00407981872558594,-0.000223159790039063,0.00806808471679688,0,
00:00:10.028,-0.00405693054199219,-0.00025177001953125,0.00805091857910156,0,
00:00:10.032,-0.00404548645019531,-0.000234603881835938,0.00806236267089844,0,
00:00:10.036,-0.00405693054199219,-0.0002288818359375,0.00808525085449219,0,
00:00:10.04,-0.00407981872558594,-0.000234603881835938,0.00809097290039063,0,
00:00:10.044,-0.00409126281738281,-0.0002288818359375,0.00809669494628906,0,
00:00:10.048,-0.00410842895507813,-0.000223159790039063,0.00808525085449219,0,
00:00:10.052,-0.00411415100097656,-0.000240325927734375,0.008056640625,0,
00:00:10.056,-0.0040740966796875,-0.000240325927734375,0.00806808471679688,0,
00:00:10.06,-0.00405693054199219,-0.0002288818359375,0.00808525085449219,0,
00:00:10.064,-0.00407981872558594,-0.000263214111328125,0.00806808471679688,0,
00:00:10.068,-0.00409126281738281,-0.000240325927734375,0.00808525085449219,0,
00:00:10.072,-0.00410270690917969,-0.000211715698242188,0.00808525085449219,0,
00:00:10.076,-0.00406837463378906,-0.0002288818359375,0.00807952880859375,0,
00:00:10.08,-0.00406265258789063,-0.000240325927734375,0.00806808471679688,0,
00:00:10.084,-0.00407981872558594,-0.00025177001953125,0.00809097290039063,0,
00:00:10.088,-0.00408554077148438,-0.000240325927734375,0.008056640625,0,
00:00:10.092,-0.00406837463378906,-0.000223159790039063,0.008056640625,0,
00:00:10.096,-0.00408554077148438,-0.000246047973632813,0.00808525085449219,0,
00:00:10.1,-0.00409698486328125,-0.000234603881835938,0.00806808471679688,0,
00:00:10.104,-0.00409126281738281,-0.000234603881835938,0.00807952880859375,0,
00:00:10.108,-0.00407981872558594,-0.000234603881835938,0.00809669494628906,0,
00:00:10.112,-0.00409126281738281,-0.000240325927734375,0.00807952880859375,0,
00:00:10.116,-0.00409698486328125,-0.000234603881835938,0.00807380676269531,0,
00:00:10.12,-0.00409698486328125,-0.0002288818359375,0.00806236267089844,0,
00:00:10.124,-0.00408554077148438,-0.00025177001953125,0.00805091857910156,0,
00:00:10.128,-0.00407981872558594,-0.0002288818359375,0.00808525085449219,0,
00:00:10.132,-0.00407981872558594,-0.000223159790039063,0.00806808471679688,0,
00:00:10.136,-0.0040740966796875,-0.000234603881835938,0.00806236267089844,0,
00:00:10.14,-0.00406837463378906,-0.0002288818359375,0.00806808471679688,0,
00:00:10.144,-0.00407981872558594,-0.000257492065429688,0.00809097290039063,0,
00:00:10.148,-0.0040740966796875,-0.000246047973632813,0.00807380676269531,0,
00:00:10.152,-0.00409698486328125,-0.000234603881835938,0.00806236267089844,0,
00:00:10.156,-0.00408554077148438,-0.000217437744140625,0.00806808471679688,0,
00:00:10.16,-0.00408554077148438,-0.000240325927734375,0.00807380676269531,0,
00:00:10.164,-0.0040740966796875,-0.000257492065429688,0.00809097290039063,0,
00:00:10.168,-0.00406265258789063,-0.000240325927734375,0.00807380676269531,0,
00:00:10.172,-0.00409126281738281,-0.000240325927734375,0.00805091857910156,0,
00:00:10.176,-0.00409698486328125,-0.000257492065429688,0.00807380676269531,0,
00:00:10.18,-0.00410270690917969,-0.0002288818359375,0.00809097290039063,0,
00:00:10.184,-0.00407981872558594,-0.000217437744140625,0.00806808471679688,0,
00:00:10.188,-0.00406265258789063,-0.00025177001953125,0.00808525085449219,0,
00:00:10.192,-0.00406265258789063,-0.000257492065429688,0.00806808471679688,0,
00:00:10.196,-0.00409126281738281,-0.00025177001953125,0.00808525085449219,0,
00:00:10.2,-0.00409698486328125,-0.000246047973632813,0.00807952880859375,0,
00:00:10.204,-0.0040740966796875,-0.000240325927734375,0.00807952880859375,0,
00:00:10.208,-0.00406837463378906,-0.000240325927734375,0.00807380676269531,0,
00:00:10.212,-0.00406837463378906,-0.00025177001953125,0.00804519653320313,0,
00:00:10.216,-0.00408554077148438,-0.00025177001953125,0.00806808471679688,0,
00:00:10.22,-0.00409126281738281,-0.000257492065429688,0.008056640625,0,
00:00:10.224,-0.004119873046875,-0.000234603881835938,0.00806236267089844,0,
00:00:10.228,-0.004119873046875,-0.000240325927734375,0.00803947448730469,0,
00:00:10.232,-0.00409698486328125,-0.000240325927734375,0.00804519653320313,0,
00:00:10.236,-0.00407981872558594,-0.000246047973632813,0.008056640625,0,
00:00:10.24,-0.00406837463378906,-0.00025177001953125,0.00806236267089844,0,
00:00:10.244,-0.00409126281738281,-0.00025177001953125,0.00804519653320313,0,
00:00:10.248,-0.00410842895507813,-0.00025177001953125,0.00804519653320313,0,
00:00:10.252,-0.00407981872558594,-0.00025177001953125,0.00807380676269531,0,
00:00:10.256,-0.0040740966796875,-0.00025177001953125,0.00807380676269531,0,
00:00:10.26,-0.00408554077148438,-0.000257492065429688,0.008056640625,0,
00:00:10.264,-0.00407981872558594,-0.000234603881835938,0.00807380676269531,0,
00:00:10.268,-0.00406837463378906,-0.000246047973632813,0.008056640625,0,
00:00:10.272,-0.00408554077148438,-0.00025177001953125,0.00806808471679688,0,
00:00:10.276,-0.00407981872558594,-0.000246047973632813,0.00803947448730469,0,
00:00:10.28,-0.00411415100097656,-0.00025177001953125,0.00804519653320313,0,
00:00:10.284,-0.00410842895507813,-0.000257492065429688,0.00807380676269531,0,
00:00:10.288,-0.00408554077148438,-0.00025177001953125,0.00807380676269531,0,
00:00:10.292,-0.00409126281738281,-0.000240325927734375,0.00804519653320313,0,
00:00:10.296,-0.00409698486328125,-0.000257492065429688,0.00802803039550781,0,
00:00:10.3,-0.0040740966796875,-0.000280380249023438,0.00803947448730469,0,
00:00:10.304,-0.0040740966796875,-0.000263214111328125,0.00802803039550781,0,
00:00:10.308,-0.00407981872558594,-0.000274658203125,0.00806236267089844,0,
00:00:10.312,-0.00410270690917969,-0.000263214111328125,0.008056640625,0,
00:00:10.316,-0.00410270690917969,-0.0002288818359375,0.008056640625,0,
00:00:10.32,-0.00412559509277344,-0.000223159790039063,0.00802230834960938,0,
00:00:10.324,-0.00409126281738281,-0.000268936157226563,0.00805091857910156,0,
00:00:10.328,-0.00406837463378906,-0.000268936157226563,0.008056640625,0,
00:00:10.332,-0.00411415100097656,-0.00025177001953125,0.00802803039550781,0,
00:00:10.336,-0.00410842895507813,-0.000257492065429688,0.00803947448730469,0,
00:00:10.34,-0.00408554077148438,-0.000246047973632813,0.00806236267089844,0,
00:00:10.344,-0.00408554077148438,-0.000257492065429688,0.00802230834960938,0,
00:00:10.348,-0.00409698486328125,-0.000263214111328125,0.00806236267089844,0,
00:00:10.352,-0.00410842895507813,-0.000263214111328125,0.00806236267089844,0,
00:00:10.356,-0.00411415100097656,-0.000257492065429688,0.00804519653320313,0,
00:00:10.36,-0.00411415100097656,-0.000263214111328125,0.00802803039550781,0,
00:00:10.364,-0.00410842895507813,-0.000257492065429688,0.00803375244140625,0,
00:00:10.368,-0.00409126281738281,-0.00025177001953125,0.00802230834960938,0,
00:00:10.372,-0.0040740966796875,-0.00025177001953125,0.00803375244140625,0,
00:00:10.376,-0.00406265258789063,-0.000263214111328125,0.008056640625,0,
00:00:10.38,-0.00410270690917969,-0.000268936157226563,0.00803375244140625,0,
00:00:10.384,-0.00412559509277344,-0.000268936157226563,0.00802230834960938,0,
00:00:10.388,-0.00411415100097656,-0.000257492065429688,0.00801658630371094,0,
00:00:10.392,-0.00409126281738281,-0.000274658203125,0.00805091857910156,0,
00:00:10.396,-0.00409698486328125,-0.000286102294921875,0.00806236267089844,0,
00:00:10.4,-0.00411415100097656,-0.000291824340820313,0.00803947448730469,0,
00:00:10.404,-0.00413131713867188,-0.000280380249023438,0.00802803039550781,0,
00:00:10.408,-0.00412559509277344,-0.000268936157226563,0.0080108642578125,0,
00:00:10.412,-0.00411415100097656,-0.00025177001953125,0.00801658630371094,0,
00:00:10.416,-0.00410842895507813,-0.00025177001953125,0.00801658630371094,0,
00:00:10.42,-0.00413131713867188,-0.000263214111328125,0.00800514221191406,0,
00:00:10.424,-0.00410842895507813,-0.000246047973632813,0.00802230834960938,0,
00:00:10.428,-0.00409126281738281,-0.000274658203125,0.00803375244140625,0,
00:00:10.432,-0.00410270690917969,-0.000268936157226563,0.00801658630371094,0,
00:00:10.436,-0.00409698486328125,-0.000268936157226563,0.0080108642578125,0,
00:00:10.44,-0.00410842895507813,-0.000268936157226563,0.00798797607421875,0,
00:00:10.444,-0.00412559509277344,-0.000268936157226563,0.0080108642578125,0,
00:00:10.448,-0.00411415100097656,-0.000268936157226563,0.00802230834960938,0,
00:00:10.452,-0.004119873046875,-0.000240325927734375,0.00800514221191406,0,
00:00:10.456,-0.00411415100097656,-0.000263214111328125,0.00797653198242188,0,
00:00:10.46,-0.00409698486328125,-0.00029754638671875,0.00799942016601563,0,
00:00:10.464,-0.004119873046875,-0.00029754638671875,0.00803947448730469,0,
00:00:10.468,-0.00413131713867188,-0.000280380249023438,0.00802230834960938,0,
00:00:10.472,-0.00413703918457031,-0.000257492065429688,0.00798797607421875,0,
00:00:10.476,-0.00412559509277344,-0.000274658203125,0.00798225402832031,0,
00:00:10.48,-0.00410270690917969,-0.000274658203125,0.00802803039550781,0,
00:00:10.484,-0.00411415100097656,-0.000274658203125,0.00800514221191406,0,
00:00:10.488,-0.00413703918457031,-0.000280380249023438,0.00799369812011719,0,
00:00:10.492,-0.00413703918457031,-0.000291824340820313,0.00797080993652344,0,
00:00:10.496,-0.00410842895507813,-0.000274658203125,0.00795936584472656,0,
00:00:10.5,-0.00412559509277344,-0.000268936157226563,0.00797080993652344,0,
00:00:10.504,-0.00414276123046875,-0.000280380249023438,0.00797080993652344,0,
00:00:10.508,-0.004119873046875,-0.000280380249023438,0.00797080993652344,0,
00:00:10.512,-0.00412559509277344,-0.000286102294921875,0.00798225402832031,0,
00:00:10.516,-0.00412559509277344,-0.000291824340820313,0.00798797607421875,0,
00:00:10.52,-0.00413703918457031,-0.000291824340820313,0.00799369812011719,0,
00:00:10.524,-0.00412559509277344,-0.000280380249023438,0.00797653198242188,0,
00:00:10.528,-0.00417137145996094,-0.000280380249023438,0.007965087890625,0,
00:00:10.532,-0.00417137145996094,-0.000268936157226563,0.00794792175292969,0,
00:00:10.536,-0.00415992736816406,-0.000286102294921875,0.00795936584472656,0,
00:00:10.54,-0.00412559509277344,-0.000274658203125,0.00794219970703125,0,
00:00:10.544,-0.00412559509277344,-0.000286102294921875,0.00795364379882813,0,
00:00:10.548,-0.00414276123046875,-0.00029754638671875,0.007965087890625,0,
00:00:10.552,-0.0041656494140625,-0.000280380249023438,0.00793647766113281,0,
00:00:10.556,-0.00414848327636719,-0.000280380249023438,0.007965087890625,0,
00:00:10.56,-0.00412559509277344,-0.000280380249023438,0.00795364379882813,0,
00:00:10.564,-0.00413703918457031,-0.000303268432617188,0.007965087890625,0,
00:00:10.568,-0.004119873046875,-0.000286102294921875,0.00794792175292969,0,
00:00:10.572,-0.00412559509277344,-0.000274658203125,0.00793647766113281,0,
00:00:10.576,-0.00414276123046875,-0.000291824340820313,0.00793075561523438,0,
00:00:10.58,-0.0041656494140625,-0.000280380249023438,0.00794219970703125,0,
00:00:10.584,-0.00415992736816406,-0.000274658203125,0.00794792175292969,0,
00:00:10.588,-0.00414848327636719,-0.000314712524414063,0.00794219970703125,0,
00:00:10.592,-0.00413703918457031,-0.00029754638671875,0.00793075561523438,0,
00:00:10.596,-0.00415992736816406,-0.000280380249023438,0.00794219970703125,0,
00:00:10.6,-0.0041656494140625,-0.000291824340820313,0.00794219970703125,0,
00:00:10.604,-0.0041656494140625,-0.00029754638671875,0.00791358947753906,0,
00:00:10.608,-0.00418281555175781,-0.000291824340820313,0.00789070129394531,0,
00:00:10.612,-0.00414276123046875,-0.000308990478515625,0.00789642333984375,0,
00:00:10.616,-0.004119873046875,-0.00029754638671875,0.00793647766113281,0,
00:00:10.62,-0.00417137145996094,-0.000280380249023438,0.00793075561523438,0,
00:00:10.624,-0.00418281555175781,-0.000280380249023438,0.0079193115234375,0,
00:00:10.628,-0.00417137145996094,-0.000303268432617188,0.00790786743164063,0,
00:00:10.632,-0.00417137145996094,-0.000308990478515625,0.00785636901855469,0,
00:00:10.636,-0.00419425964355469,-0.000286102294921875,0.00787925720214844,0,
00:00:10.64,-0.00419425964355469,-0.000303268432617188,0.00793647766113281,0,
00:00:10.644,-0.0041656494140625,-0.0003204345703125,0.00791358947753906,0,
00:00:10.648,-0.0041656494140625,-0.000308990478515625,0.00790214538574219,0,
00:00:10.652,-0.0041656494140625,-0.000314712524414063,0.00790214538574219,0,
00:00:10.656,-0.0041656494140625,-0.000291824340820313,0.00789642333984375,0,
00:00:10.66,-0.0041656494140625,-0.000286102294921875,0.00787353515625,0,
00:00:10.664,-0.00415420532226563,-0.000308990478515625,0.00787353515625,0,
00:00:10.668,-0.00417709350585938,-0.000314712524414063,0.00786781311035156,0,
00:00:10.672,-0.00419998168945313,-0.000303268432617188,0.00789070129394531,0,
00:00:10.676,-0.00418853759765625,-0.00029754638671875,0.00790786743164063,0,
00:00:10.68,-0.00417137145996094,-0.0003204345703125,0.00786781311035156,0,
00:00:10.684,-0.00419425964355469,-0.000326156616210938,0.00785064697265625,0,
00:00:10.688,-0.00419425964355469,-0.0003204345703125,0.00784492492675781,0,
00:00:10.692,-0.00417709350585938,-0.00029754638671875,0.00783920288085938,0,
00:00:10.696,-0.00417709350585938,-0.000303268432617188,0.00787353515625,0,
00:00:10.7,-0.0041656494140625,-0.000308990478515625,0.00783348083496094,0,
00:00:10.704,-0.00417137145996094,-0.000308990478515625,0.00786209106445313,0,
00:00:10.708,-0.00417137145996094,-0.000303268432617188,0.00785064697265625,0,
00:00:10.712,-0.00418281555175781,-0.000326156616210938,0.00783348083496094,0,
00:00:10.716,-0.00418281555175781,-0.000331878662109375,0.00783348083496094,0,
00:00:10.72,-0.00421714782714844,-0.0003204345703125,0.00785064697265625,0,
00:00:10.724,-0.00420570373535156,-0.0003204345703125,0.00782203674316406,0,
00:00:10.728,-0.00419998168945313,-0.00029754638671875,0.00783348083496094,0,
00:00:10.732,-0.00417709350585938,-0.000308990478515625,0.00781059265136719,0,
00:00:10.736,-0.00419425964355469,-0.000331878662109375,0.00781631469726563,0,
00:00:10.74,-0.00421714782714844,-0.000337600708007813,0.00781059265136719,0,
00:00:10.744,-0.00420570373535156,-0.000331878662109375,0.00782203674316406,0,
00:00:10.748,-0.00419998168945313,-0.000326156616210938,0.00782203674316406,0,
00:00:10.752,-0.00422286987304688,-0.0003204345703125,0.00779914855957031,0,
00:00:10.756,-0.00421142578125,-0.0003204345703125,0.00778770446777344,0,
00:00:10.76,-0.00418281555175781,-0.000314712524414063,0.00778770446777344,0,
00:00:10.764,-0.00419425964355469,-0.000337600708007813,0.00777626037597656,0,
00:00:10.768,-0.00419998168945313,-0.000349044799804688,0.00781631469726563,0,
00:00:10.772,-0.00419998168945313,-0.000354766845703125,0.00780487060546875,0,
00:00:10.776,-0.00423431396484375,-0.000326156616210938,0.00778770446777344,0,
00:00:10.78,-0.00422286987304688,-0.000331878662109375,0.00779342651367188,0,
00:00:10.784,-0.00421142578125,-0.000331878662109375,0.00779342651367188,0,
00:00:10.788,-0.00422286987304688,-0.000331878662109375,0.00778770446777344,0,
00:00:10.792,-0.00421714782714844,-0.000337600708007813,0.00777626037597656,0,
00:00:10.796,-0.00419425964355469,-0.00034332275390625,0.00777053833007813,0,
00:00:10.8,-0.00421714782714844,-0.000349044799804688,0.00777053833007813,0,
00:00:10.804,-0.00422286987304688,-0.000349044799804688,0.00774192810058594,0,
00:00:10.808,-0.00421714782714844,-0.000354766845703125,0.00773048400878906,0,
00:00:10.812,-0.00419998168945313,-0.000349044799804688,0.00774192810058594,0,
00:00:10.816,-0.00422859191894531,-0.000354766845703125,0.00773048400878906,0,
00:00:10.82,-0.00424003601074219,-0.00034332275390625,0.00774192810058594,0,
00:00:10.824,-0.00423431396484375,-0.000337600708007813,0.00774192810058594,0,
00:00:10.828,-0.00422286987304688,-0.000349044799804688,0.00774192810058594,0,
00:00:10.832,-0.00421714782714844,-0.000354766845703125,0.0077362060546875,0,
00:00:10.836,-0.00422286987304688,-0.00034332275390625,0.00775337219238281,0,
00:00:10.84,-0.00424575805664063,-0.000337600708007813,0.00773048400878906,0,
00:00:10.844,-0.00424003601074219,-0.00034332275390625,0.00773048400878906,0,
00:00:10.848,-0.00423431396484375,-0.000377655029296875,0.00770187377929688,0,
00:00:10.852,-0.00424575805664063,-0.000371932983398438,0.00771903991699219,0,
00:00:10.856,-0.00427436828613281,-0.0003662109375,0.00771903991699219,0,
00:00:10.86,-0.00428009033203125,-0.0003662109375,0.0076904296875,0,
00:00:10.864,-0.00425148010253906,-0.000383377075195313,0.00767898559570313,0,
00:00:10.868,-0.00422286987304688,-0.000383377075195313,0.00770187377929688,0,
00:00:10.872,-0.00422859191894531,-0.000371932983398438,0.00767898559570313,0,
00:00:10.876,-0.00425148010253906,-0.000326156616210938,0.00765037536621094,0,
00:00:10.88,-0.00425148010253906,-0.000371932983398438,0.00768470764160156,0,
00:00:10.884,-0.00423431396484375,-0.000394821166992188,0.0076904296875,0,
00:00:10.888,-0.00426292419433594,-0.000360488891601563,0.00767326354980469,0,
00:00:10.892,-0.00424575805664063,-0.000360488891601563,0.00767326354980469,0,
00:00:10.896,-0.00424003601074219,-0.000349044799804688,0.00766754150390625,0,
00:00:10.9,-0.00426292419433594,-0.000371932983398438,0.00763893127441406,0,
00:00:10.904,-0.00425148010253906,-0.000400543212890625,0.00763320922851563,0,
00:00:10.908,-0.0042572021484375,-0.00038909912109375,0.0076446533203125,0,
00:00:10.912,-0.0042572021484375,-0.000400543212890625,0.00768470764160156,0,
00:00:10.916,-0.00424003601074219,-0.000377655029296875,0.0076446533203125,0,
00:00:10.92,-0.0042572021484375,-0.000377655029296875,0.00762748718261719,0,
00:00:10.924,-0.00427436828613281,-0.000377655029296875,0.00763893127441406,0,
00:00:10.928,-0.00426864624023438,-0.0003662109375,0.00763893127441406,0,
00:00:10.932,-0.00426292419433594,-0.000371932983398438,0.00760459899902344,0,
00:00:10.936,-0.00426292419433594,-0.00038909912109375,0.007598876953125,0,
00:00:10.94,-0.00426292419433594,-0.00038909912109375,0.00758743286132813,0,
00:00:10.944,-0.00429725646972656,-0.00038909912109375,0.00761032104492188,0,
00:00:10.948,-0.00427436828613281,-0.000400543212890625,0.00761032104492188,0,
00:00:10.952,-0.00426864624023438,-0.000371932983398438,0.00761032104492188,0,
00:00:10.956,-0.00426864624023438,-0.000394821166992188,0.00757598876953125,0,
00:00:10.96,-0.00426292419433594,-0.000406265258789063,0.00756454467773438,0,
00:00:10.964,-0.00426864624023438,-0.000406265258789063,0.00758171081542969,0,
00:00:10.968,-0.00428009033203125,-0.000417709350585938,0.00757598876953125,0,
00:00:10.972,-0.00429725646972656,-0.000394821166992188,0.00754737854003906,0,
00:00:10.976,-0.00429153442382813,-0.000400543212890625,0.00754737854003906,0,
00:00:10.98,-0.00426864624023438,-0.000394821166992188,0.0075531005859375,0,
00:00:10.984,-0.00427436828613281,-0.000400543212890625,0.00753021240234375,0,
00:00:10.988,-0.00428581237792969,-0.000417709350585938,0.00754165649414063,0,
00:00:10.992,-0.00430870056152344,-0.000406265258789063,0.00754165649414063,0,
00:00:10.996,-0.00429153442382813,-0.000394821166992188,0.00752449035644531,0,
00:00:11,-0.00427436828613281,-0.00038909912109375,0.00753021240234375,0,
00:00:11.004,-0.00426864624023438,-0.000406265258789063,0.00753021240234375,0,
00:00:11.008,-0.00428581237792969,-0.0004119873046875,0.00754165649414063,0,
00:00:11.012,-0.004302978515625,-0.000406265258789063,0.00753021240234375,0,
00:00:11.016,-0.00428581237792969,-0.000417709350585938,0.00750732421875,0,
00:00:11.02,-0.00429725646972656,-0.000429153442382813,0.00748443603515625,0,
00:00:11.024,-0.004302978515625,-0.000417709350585938,0.00746726989746094,0,
00:00:11.028,-0.00428581237792969,-0.000429153442382813,0.00747299194335938,0,
00:00:11.032,-0.00428581237792969,-0.0004119873046875,0.00750160217285156,0,
00:00:11.036,-0.00428581237792969,-0.000394821166992188,0.00746726989746094,0,
00:00:11.04,-0.00429725646972656,-0.000394821166992188,0.00747299194335938,0,
00:00:11.044,-0.00428009033203125,-0.000417709350585938,0.00745582580566406,0,
00:00:11.048,-0.00426292419433594,-0.000440597534179688,0.00745010375976563,0,
00:00:11.052,-0.00427436828613281,-0.00043487548828125,0.00742149353027344,0,
00:00:11.056,-0.004302978515625,-0.00043487548828125,0.00742149353027344,0,
00:00:11.06,-0.00430870056152344,-0.000423431396484375,0.007415771484375,0,
00:00:11.064,-0.00433158874511719,-0.000440597534179688,0.0074615478515625,0,
00:00:11.068,-0.00433731079101563,-0.000446319580078125,0.00743865966796875,0,
00:00:11.072,-0.00432586669921875,-0.00043487548828125,0.00743293762207031,0,
00:00:11.076,-0.00429153442382813,-0.0004119873046875,0.00742149353027344,0,
00:00:11.08,-0.00429725646972656,-0.000429153442382813,0.00739860534667969,0,
00:00:11.084,-0.004302978515625,-0.000440597534179688,0.00740432739257813,0,
00:00:11.088,-0.00431442260742188,-0.00043487548828125,0.00740432739257813,0,
00:00:11.092,-0.00430870056152344,-0.00043487548828125,0.00740432739257813,0,
00:00:11.096,-0.004302978515625,-0.000446319580078125,0.00739288330078125,0,
00:00:11.1,-0.00432586669921875,-0.000452041625976563,0.00735855102539063,0,
00:00:11.104,-0.00437164306640625,-0.000446319580078125,0.00736427307128906,0,
00:00:11.108,-0.00434303283691406,-0.000440597534179688,0.00735855102539063,0,
00:00:11.112,-0.00429153442382813,-0.00043487548828125,0.00733566284179688,0,
00:00:11.116,-0.00428009033203125,-0.000440597534179688,0.00737571716308594,0,
00:00:11.12,-0.00431442260742188,-0.000474929809570313,0.00736427307128906,0,
00:00:11.124,-0.00435447692871094,-0.00048065185546875,0.00733566284179688,0,
00:00:11.128,-0.0043487548828125,-0.000446319580078125,0.00734710693359375,0,
00:00:11.132,-0.00431442260742188,-0.00043487548828125,0.00732421875,0,
00:00:11.136,-0.00429725646972656,-0.000440597534179688,0.00732994079589844,0,
00:00:11.14,-0.00429725646972656,-0.000446319580078125,0.00730705261230469,0,
00:00:11.144,-0.00429153442382813,-0.000452041625976563,0.00731849670410156,0,
00:00:11.148,-0.00432586669921875,-0.00048065185546875,0.00728988647460938,0,
00:00:11.152,-0.00433158874511719,-0.000469207763671875,0.0072784423828125,0,
00:00:11.156,-0.00433158874511719,-0.000463485717773438,0.00729560852050781,0,
00:00:11.16,-0.00432014465332031,-0.000463485717773438,0.00726699829101563,0,
00:00:11.164,-0.00430870056152344,-0.000486373901367188,0.00728416442871094,0,
00:00:11.168,-0.00432014465332031,-0.000492095947265625,0.00729560852050781,0,
00:00:11.172,-0.00435447692871094,-0.000474929809570313,0.00727272033691406,0,
00:00:11.176,-0.00437164306640625,-0.00048065185546875,0.00727272033691406,0,
00:00:11.18,-0.0043487548828125,-0.000474929809570313,0.00725555419921875,0,
00:00:11.184,-0.00435447692871094,-0.000469207763671875,0.00720977783203125,0,
00:00:11.188,-0.00434303283691406,-0.000474929809570313,0.00722122192382813,0,
00:00:11.192,-0.00432586669921875,-0.00048065185546875,0.00722122192382813,0,
00:00:11.196,-0.00433158874511719,-0.000492095947265625,0.00724411010742188,0,
00:00:11.2,-0.00433731079101563,-0.000486373901367188,0.00721549987792969,0,
00:00:11.204,-0.00433158874511719,-0.000492095947265625,0.00722694396972656,0,
00:00:11.208,-0.00432014465332031,-0.00048065185546875,0.00720977783203125,0,
00:00:11.212,-0.00433731079101563,-0.000492095947265625,0.00719261169433594,0,
00:00:11.216,-0.00434303283691406,-0.000509262084960938,0.00719261169433594,0,
00:00:11.22,-0.00433731079101563,-0.000509262084960938,0.00720977783203125,0,
00:00:11.224,-0.0043487548828125,-0.000492095947265625,0.00719261169433594,0,
00:00:11.228,-0.0043487548828125,-0.000492095947265625,0.00717544555664063,0,
00:00:11.232,-0.00433158874511719,-0.00048065185546875,0.00718116760253906,0,
00:00:11.236,-0.00432586669921875,-0.000497817993164063,0.00716972351074219,0,
00:00:11.24,-0.00432586669921875,-0.000497817993164063,0.00716972351074219,0,
00:00:11.244,-0.0043487548828125,-0.00052642822265625,0.00714111328125,0,
00:00:11.248,-0.00437736511230469,-0.000509262084960938,0.00712394714355469,0,
00:00:11.252,-0.00436592102050781,-0.000497817993164063,0.00716972351074219,0,
00:00:11.256,-0.00434303283691406,-0.0005035400390625,0.00714683532714844,0,
00:00:11.26,-0.00434303283691406,-0.000514984130859375,0.00712966918945313,0,
00:00:11.264,-0.00432586669921875,-0.000520706176757813,0.00712966918945313,0,
00:00:11.268,-0.00432586669921875,-0.0005035400390625,0.00712966918945313,0,
00:00:11.272,-0.00436592102050781,-0.0005035400390625,0.00712394714355469,0,
00:00:11.276,-0.00437164306640625,-0.000514984130859375,0.00708961486816406,0,
00:00:11.28,-0.00434303283691406,-0.00054931640625,0.00708961486816406,0,
00:00:11.284,-0.00433158874511719,-0.00054931640625,0.00707244873046875,0,
00:00:11.288,-0.00436019897460938,-0.000537872314453125,0.00707244873046875,0,
00:00:11.292,-0.00436592102050781,-0.000520706176757813,0.00710105895996094,0,
00:00:11.296,-0.0043487548828125,-0.000520706176757813,0.00708389282226563,0,
00:00:11.3,-0.00435447692871094,-0.000520706176757813,0.00706100463867188,0,
00:00:11.304,-0.00437736511230469,-0.00052642822265625,0.00705528259277344,0,
00:00:11.308,-0.00436019897460938,-0.000537872314453125,0.00706100463867188,0,
00:00:11.312,-0.00435447692871094,-0.000532150268554688,0.00704383850097656,0,
00:00:11.316,-0.00435447692871094,-0.00054931640625,0.00703811645507813,0,
00:00:11.32,-0.00437736511230469,-0.000532150268554688,0.00700950622558594,0,
00:00:11.324,-0.00437736511230469,-0.000509262084960938,0.00703239440917969,0,
00:00:11.328,-0.00433158874511719,-0.000532150268554688,0.00702667236328125,0,
00:00:11.332,-0.00430870056152344,-0.000560760498046875,0.00701522827148438,0,
00:00:11.336,-0.004302978515625,-0.000532150268554688,0.00702095031738281,0,
00:00:11.34,-0.0043487548828125,-0.000532150268554688,0.00701522827148438,0,
00:00:11.344,-0.00438880920410156,-0.000555038452148438,0.0070037841796875,0,
00:00:11.348,-0.00437736511230469,-0.00054931640625,0.0070037841796875,0,
00:00:11.352,-0.00437736511230469,-0.000543594360351563,0.00696945190429688,0,
00:00:11.356,-0.00435447692871094,-0.000543594360351563,0.00696372985839844,0,
00:00:11.36,-0.00434303283691406,-0.00057220458984375,0.00698661804199219,0,
00:00:11.364,-0.00436592102050781,-0.00057220458984375,0.00696945190429688,0,
00:00:11.368,-0.00437164306640625,-0.000560760498046875,0.00696372985839844,0,
00:00:11.372,-0.00437736511230469,-0.000566482543945313,0.00696372985839844,0,
00:00:11.376,-0.00437164306640625,-0.000566482543945313,0.00695228576660156,0,
00:00:11.38,-0.00438880920410156,-0.00057220458984375,0.00692939758300781,0,
00:00:11.384,-0.00439453125,-0.000560760498046875,0.00688934326171875,0,
00:00:11.388,-0.00437736511230469,-0.00052642822265625,0.00690650939941406,0,
00:00:11.392,-0.00435447692871094,-0.00054931640625,0.00693511962890625,0,
00:00:11.396,-0.00433731079101563,-0.000566482543945313,0.0069122314453125,0,
00:00:11.4,-0.00433731079101563,-0.000566482543945313,0.0069122314453125,0,
00:00:11.404,-0.00435447692871094,-0.00057220458984375,0.00690078735351563,0,
00:00:11.408,-0.00437736511230469,-0.00057220458984375,0.0069122314453125,0,
00:00:11.412,-0.00438308715820313,-0.000629425048828125,0.00692939758300781,0,
00:00:11.416,-0.00436592102050781,-0.000566482543945313,0.006866455078125,0,
00:00:11.42,-0.00437164306640625,-0.00057220458984375,0.00684928894042969,0,
00:00:11.424,-0.00437736511230469,-0.000566482543945313,0.006866455078125,0,
00:00:11.428,-0.00438308715820313,-0.000566482543945313,0.00684928894042969,0,
00:00:11.432,-0.00437736511230469,-0.000577926635742188,0.00687217712402344,0,
00:00:11.436,-0.00437736511230469,-0.000589370727539063,0.006866455078125,0,
00:00:11.44,-0.00437736511230469,-0.000583648681640625,0.00684928894042969,0,
00:00:11.444,-0.00437164306640625,-0.000583648681640625,0.00683784484863281,0,
00:00:11.448,-0.00438880920410156,-0.0005950927734375,0.00684356689453125,0,
00:00:11.452,-0.00437164306640625,-0.000583648681640625,0.00684356689453125,0,
00:00:11.456,-0.00436019897460938,-0.000589370727539063,0.00681495666503906,0,
00:00:11.46,-0.00434303283691406,-0.000600814819335938,0.00680923461914063,0,
00:00:11.464,-0.00435447692871094,-0.0005950927734375,0.00678634643554688,0,
00:00:11.468,-0.00438308715820313,-0.000583648681640625,0.00679779052734375,0,
00:00:11.472,-0.00440597534179688,-0.000583648681640625,0.00680923461914063,0,
00:00:11.476,-0.00437164306640625,-0.0005950927734375,0.00676918029785156,0,
00:00:11.48,-0.00437736511230469,-0.000583648681640625,0.00676918029785156,0,
00:00:11.484,-0.00438308715820313,-0.000589370727539063,0.00678634643554688,0,
00:00:11.488,-0.00435447692871094,-0.00061798095703125,0.00678062438964844,0,
00:00:11.492,-0.00438308715820313,-0.000589370727539063,0.00677490234375,0,
00:00:11.496,-0.00434303283691406,-0.000583648681640625,0.00677490234375,0,
00:00:11.5,-0.00437164306640625,-0.000600814819335938,0.00674629211425781,0,
00:00:11.504,-0.00440025329589844,-0.000600814819335938,0.00674629211425781,0,
00:00:11.508,-0.00437736511230469,-0.000606536865234375,0.00675201416015625,0,
00:00:11.512,-0.00438308715820313,-0.000600814819335938,0.00670623779296875,0,
00:00:11.516,-0.00438880920410156,-0.000600814819335938,0.00669479370117188,0,
00:00:11.52,-0.00436019897460938,-0.000629425048828125,0.00670623779296875,0,
00:00:11.524,-0.00437736511230469,-0.00061798095703125,0.00674057006835938,0,
00:00:11.528,-0.00438308715820313,-0.000589370727539063,0.00672340393066406,0,
00:00:11.532,-0.00438880920410156,-0.0005950927734375,0.00671768188476563,0,
00:00:11.536,-0.00438308715820313,-0.000606536865234375,0.00669479370117188,0,
00:00:11.54,-0.00438308715820313,-0.000629425048828125,0.00667762756347656,0,
00:00:11.544,-0.00436592102050781,-0.000606536865234375,0.00668907165527344,0,
00:00:11.548,-0.00438880920410156,-0.00061798095703125,0.00667762756347656,0,
00:00:11.552,-0.00439453125,-0.000612258911132813,0.00667762756347656,0,
00:00:11.556,-0.00439453125,-0.00061798095703125,0.00667762756347656,0,
00:00:11.56,-0.00437164306640625,-0.00061798095703125,0.00665473937988281,0,
00:00:11.564,-0.00437736511230469,-0.000640869140625,0.00666046142578125,0,
00:00:11.568,-0.00440597534179688,-0.000635147094726563,0.00663185119628906,0,
00:00:11.572,-0.00440597534179688,-0.000629425048828125,0.00663185119628906,0,
00:00:11.576,-0.00436019897460938,-0.000606536865234375,0.00664901733398438,0,
00:00:11.58,-0.00434303283691406,-0.000612258911132813,0.00663185119628906,0,
00:00:11.584,-0.00436019897460938,-0.000635147094726563,0.00663185119628906,0,
00:00:11.588,-0.00437736511230469,-0.000652313232421875,0.00660896301269531,0,
00:00:11.592,-0.00440025329589844,-0.000635147094726563,0.00662612915039063,0,
00:00:11.596,-0.00439453125,-0.000629425048828125,0.00662040710449219,0,
00:00:11.6,-0.00440025329589844,-0.000623703002929688,0.00662040710449219,0,
00:00:11.604,-0.00438308715820313,-0.000640869140625,0.00659751892089844,0,
00:00:11.608,-0.00438308715820313,-0.000652313232421875,0.00656890869140625,0,
00:00:11.612,-0.00438880920410156,-0.000640869140625,0.00658607482910156,0,
00:00:11.616,-0.00439453125,-0.000623703002929688,0.00658035278320313,0,
00:00:11.62,-0.00436592102050781,-0.000606536865234375,0.00660324096679688,0,
00:00:11.624,-0.00433731079101563,-0.00061798095703125,0.00658035278320313,0,
00:00:11.628,-0.00437164306640625,-0.000658035278320313,0.00655746459960938,0,
00:00:11.632,-0.00439453125,-0.000635147094726563,0.00656318664550781,0,
00:00:11.636,-0.00438880920410156,-0.000640869140625,0.00657463073730469,0,
00:00:11.64,-0.00438880920410156,-0.000646591186523438,0.00655746459960938,0,
00:00:11.644,-0.00440025329589844,-0.000646591186523438,0.00654029846191406,0,
00:00:11.648,-0.00440597534179688,-0.000652313232421875,0.00653457641601563,0,
00:00:11.652,-0.00440025329589844,-0.000640869140625,0.00655174255371094,0,
00:00:11.656,-0.00440597534179688,-0.000640869140625,0.00652313232421875,0,
00:00:11.66,-0.00438880920410156,-0.000658035278320313,0.00647735595703125,0,
00:00:11.664,-0.00438308715820313,-0.000658035278320313,0.00647163391113281,0,
00:00:11.668,-0.00437164306640625,-0.000640869140625,0.006500244140625,0,
00:00:11.672,-0.00438308715820313,-0.000623703002929688,0.006500244140625,0,
00:00:11.676,-0.00438880920410156,-0.000658035278320313,0.006500244140625,0,
00:00:11.68,-0.00437164306640625,-0.000658035278320313,0.00649452209472656,0,
00:00:11.684,-0.00436019897460938,-0.000652313232421875,0.00649452209472656,0,
00:00:11.688,-0.00436592102050781,-0.000652313232421875,0.00646591186523438,0,
00:00:11.692,-0.00438308715820313,-0.000658035278320313,0.00646018981933594,0,
00:00:11.696,-0.00438880920410156,-0.000675201416015625,0.00647735595703125,0,
00:00:11.7,-0.00440025329589844,-0.000652313232421875,0.00649452209472656,0,
00:00:11.704,-0.00439453125,-0.000652313232421875,0.00647163391113281,0,
00:00:11.708,-0.00440025329589844,-0.00066375732421875,0.00644874572753906,0,
00:00:11.712,-0.00438880920410156,-0.000640869140625,0.00646018981933594,0,
00:00:11.716,-0.00439453125,-0.000640869140625,0.0064544677734375,0,
00:00:11.72,-0.00438308715820313,-0.000652313232421875,0.00643730163574219,0,
00:00:11.724,-0.00436592102050781,-0.000658035278320313,0.00640869140625,0,
00:00:11.728,-0.00436019897460938,-0.000658035278320313,0.00640869140625,0,
00:00:11.732,-0.00438880920410156,-0.000635147094726563,0.00640296936035156,0,
00:00:11.736,-0.00440597534179688,-0.000669479370117188,0.00642013549804688,0,
00:00:11.74,-0.00440025329589844,-0.000675201416015625,0.00640869140625,0,
00:00:11.744,-0.00440025329589844,-0.000669479370117188,0.00638580322265625,0,
00:00:11.748,-0.00439453125,-0.000658035278320313,0.00638580322265625,0,
00:00:11.752,-0.00438880920410156,-0.000658035278320313,0.00640869140625,0,
00:00:11.756,-0.00439453125,-0.00066375732421875,0.00639724731445313,0,
00:00:11.76,-0.00439453125,-0.00066375732421875,0.00639152526855469,0,
00:00:11.764,-0.00437736511230469,-0.000669479370117188,0.00638580322265625,0,
00:00:11.768,-0.00436019897460938,-0.000658035278320313,0.00636863708496094,0,
00:00:11.772,-0.00436592102050781,-0.000669479370117188,0.00635719299316406,0,
00:00:11.776,-0.00436019897460938,-0.000698089599609375,0.00637435913085938,0,
00:00:11.78,-0.00437736511230469,-0.0006866455078125,0.00637435913085938,0,
00:00:11.784,-0.00437736511230469,-0.000669479370117188,0.00635147094726563,0,
00:00:11.788,-0.00436019897460938,-0.000675201416015625,0.00634002685546875,0,
00:00:11.792,-0.00436592102050781,-0.00066375732421875,0.00636863708496094,0,
00:00:11.796,-0.00438308715820313,-0.000675201416015625,0.00633430480957031,0,
00:00:11.8,-0.00439453125,-0.000680923461914063,0.00631141662597656,0,
00:00:11.804,-0.00440597534179688,-0.000680923461914063,0.00632858276367188,0,
00:00:11.808,-0.00440025329589844,-0.000675201416015625,0.00632286071777344,0,
00:00:11.812,-0.00438308715820313,-0.000680923461914063,0.00631141662597656,0,
00:00:11.816,-0.00438308715820313,-0.000698089599609375,0.00632286071777344,0,
00:00:11.82,-0.00438308715820313,-0.000680923461914063,0.006317138671875,0,
00:00:11.824,-0.00438308715820313,-0.000680923461914063,0.00628852844238281,0,
00:00:11.828,-0.00439453125,-0.000675201416015625,0.00630569458007813,0,
00:00:11.832,-0.00439453125,-0.000692367553710938,0.00629425048828125,0,
00:00:11.836,-0.00439453125,-0.0006866455078125,0.0062713623046875,0,
00:00:11.84,-0.00438308715820313,-0.000680923461914063,0.00626564025878906,0,
00:00:11.844,-0.00440025329589844,-0.0006866455078125,0.00628852844238281,0,
00:00:11.848,-0.00438308715820313,-0.000680923461914063,0.00629425048828125,0,
00:00:11.852,-0.00436592102050781,-0.0006866455078125,0.00627708435058594,0,
00:00:11.856,-0.00438880920410156,-0.000692367553710938,0.00628852844238281,0,
00:00:11.86,-0.00440597534179688,-0.000698089599609375,0.0062713623046875,0,
00:00:11.864,-0.00439453125,-0.000698089599609375,0.00626564025878906,0,
00:00:11.868,-0.00438308715820313,-0.00070953369140625,0.00624275207519531,0,
00:00:11.872,-0.00436019897460938,-0.000703811645507813,0.00624275207519531,0,
00:00:11.876,-0.00438308715820313,-0.000680923461914063,0.00624847412109375,0,
00:00:11.88,-0.00441169738769531,-0.0006866455078125,0.00624275207519531,0,
00:00:11.884,-0.00440597534179688,-0.000698089599609375,0.00623703002929688,0,
00:00:11.888,-0.00437736511230469,-0.00070953369140625,0.00621414184570313,0,
00:00:11.892,-0.00434303283691406,-0.0006866455078125,0.00621414184570313,0,
00:00:11.896,-0.00435447692871094,-0.000680923461914063,0.00623130798339844,0,
00:00:11.9,-0.00438880920410156,-0.00070953369140625,0.00623130798339844,0,
00:00:11.904,-0.00438308715820313,-0.000715255737304688,0.0062255859375,0,
00:00:11.908,-0.00440597534179688,-0.000692367553710938,0.00621986389160156,0,
00:00:11.912,-0.00442886352539063,-0.000692367553710938,0.00620269775390625,0,
00:00:11.916,-0.00437164306640625,-0.000703811645507813,0.00620269775390625,0,
00:00:11.92,-0.00435447692871094,-0.00070953369140625,0.00619697570800781,0,
00:00:11.924,-0.00438880920410156,-0.00070953369140625,0.0061798095703125,0,
00:00:11.928,-0.00438880920410156,-0.000720977783203125,0.00618553161621094,0,
00:00:11.932,-0.00437736511230469,-0.000726699829101563,0.00619125366210938,0,
00:00:11.936,-0.00437736511230469,-0.00070953369140625,0.00616836547851563,0,
00:00:11.94,-0.00440597534179688,-0.000692367553710938,0.00616264343261719,0,
00:00:11.944,-0.00440025329589844,-0.000698089599609375,0.00615692138671875,0,
00:00:11.948,-0.00436592102050781,-0.00070953369140625,0.00617408752441406,0,
00:00:11.952,-0.00435447692871094,-0.000675201416015625,0.00613975524902344,0,
00:00:11.956,-0.00436019897460938,-0.000698089599609375,0.006134033203125,0,
00:00:11.96,-0.00437164306640625,-0.000715255737304688,0.00616836547851563,0,
00:00:11.964,-0.00439453125,-0.000720977783203125,0.00613975524902344,0,
00:00:11.968,-0.00438308715820313,-0.000720977783203125,0.006134033203125,0,
00:00:11.972,-0.00437164306640625,-0.000738143920898438,0.00616264343261719,0,
00:00:11.976,-0.00437736511230469,-0.000720977783203125,0.00614547729492188,0,
00:00:11.98,-0.00438880920410156,-0.000715255737304688,0.00615692138671875,0,
00:00:11.984,-0.00440597534179688,-0.00070953369140625,0.00615119934082031,0,
00:00:11.988,-0.00437736511230469,-0.000692367553710938,0.00612831115722656,0,
00:00:11.992,-0.00436019897460938,-0.000726699829101563,0.00611686706542969,0,
00:00:11.996,-0.00439453125,-0.000726699829101563,0.00609970092773438,0,
00:00:12,-0.00439453125,-0.000743865966796875,0.00609970092773438,0,
00:00:12.004,-0.00438308715820313,-0.000732421875,0.00612258911132813,0,
00:00:12.008,-0.00440597534179688,-0.000732421875,0.00610542297363281,0,
00:00:12.012,-0.00437736511230469,-0.000732421875,0.00612258911132813,0,
00:00:12.016,-0.00436019897460938,-0.000726699829101563,0.00609970092773438,0,
00:00:12.02,-0.00436019897460938,-0.000726699829101563,0.00609397888183594,0,
00:00:12.024,-0.00437736511230469,-0.000726699829101563,0.00608253479003906,0,
00:00:12.028,-0.00437164306640625,-0.000732421875,0.00609970092773438,0,
00:00:12.032,-0.0043487548828125,-0.000715255737304688,0.00611114501953125,0,
00:00:12.036,-0.00436592102050781,-0.00070953369140625,0.00609970092773438,0,
00:00:12.04,-0.00436592102050781,-0.000732421875,0.00607681274414063,0,
00:00:12.044,-0.00438880920410156,-0.000732421875,0.00607109069824219,0,
00:00:12.048,-0.00438880920410156,-0.000726699829101563,0.00608253479003906,0,
00:00:12.052,-0.00438308715820313,-0.000720977783203125,0.00605964660644531,0,
00:00:12.056,-0.00438308715820313,-0.000720977783203125,0.00604820251464844,0,
00:00:12.06,-0.00436019897460938,-0.000743865966796875,0.00605964660644531,0,
00:00:12.064,-0.00436592102050781,-0.000749588012695313,0.00607109069824219,0,
00:00:12.068,-0.00437164306640625,-0.000715255737304688,0.00607109069824219,0,
00:00:12.072,-0.00436592102050781,-0.000738143920898438,0.00605964660644531,0,
00:00:12.076,-0.00436019897460938,-0.000743865966796875,0.00605392456054688,0,
00:00:12.08,-0.00438880920410156,-0.000732421875,0.00605392456054688,0,
00:00:12.084,-0.00440025329589844,-0.000749588012695313,0.00601959228515625,0,
00:00:12.088,-0.00438308715820313,-0.000743865966796875,0.00604820251464844,0,
00:00:12.092,-0.0043487548828125,-0.00075531005859375,0.00604248046875,0,
00:00:12.096,-0.00437736511230469,-0.00075531005859375,0.00603675842285156,0,
00:00:12.1,-0.00439453125,-0.000749588012695313,0.00603675842285156,0,
00:00:12.104,-0.00437164306640625,-0.00075531005859375,0.00601959228515625,0,
00:00:12.108,-0.00437736511230469,-0.000743865966796875,0.00602531433105469,0,
00:00:12.112,-0.00436592102050781,-0.000743865966796875,0.00601387023925781,0,
00:00:12.116,-0.00438880920410156,-0.000749588012695313,0.00602531433105469,0,
00:00:12.12,-0.00438880920410156,-0.00075531005859375,0.00602531433105469,0,
00:00:12.124,-0.00436592102050781,-0.000749588012695313,0.00602531433105469,0,
00:00:12.128,-0.00436019897460938,-0.00075531005859375,0.0059967041015625,0,
00:00:12.132,-0.00437164306640625,-0.000749588012695313,0.00599098205566406,0,
00:00:12.136,-0.00438308715820313,-0.000738143920898438,0.00600242614746094,0,
00:00:12.14,-0.00438880920410156,-0.000743865966796875,0.00599098205566406,0,
00:00:12.144,-0.00439453125,-0.000761032104492188,0.00601959228515625,0,
00:00:12.148,-0.00438308715820313,-0.00075531005859375,0.00600242614746094,0,
00:00:12.152,-0.00436019897460938,-0.000749588012695313,0.00600242614746094,0,
00:00:12.156,-0.0043487548828125,-0.00075531005859375,0.00598526000976563,0,
00:00:12.16,-0.00435447692871094,-0.00075531005859375,0.0059967041015625,0,
00:00:12.164,-0.00436019897460938,-0.000766754150390625,0.0059967041015625,0,
00:00:12.168,-0.0043487548828125,-0.000761032104492188,0.00598526000976563,0,
00:00:12.172,-0.00435447692871094,-0.00075531005859375,0.00595664978027344,0,
00:00:12.176,-0.00437736511230469,-0.000749588012695313,0.00597953796386719,0,
00:00:12.18,-0.00437736511230469,-0.00075531005859375,0.00597953796386719,0,
00:00:12.184,-0.00435447692871094,-0.000766754150390625,0.00597953796386719,0,
00:00:12.188,-0.00436592102050781,-0.00075531005859375,0.00599098205566406,0,
00:00:12.192,-0.00437736511230469,-0.000749588012695313,0.00597953796386719,0,
00:00:12.196,-0.00440025329589844,-0.000783920288085938,0.00596809387207031,0,
00:00:12.2,-0.00437736511230469,-0.000772476196289063,0.00596809387207031,0,
00:00:12.204,-0.00436019897460938,-0.000761032104492188,0.00595664978027344,0,
00:00:12.208,-0.00434303283691406,-0.00075531005859375,0.00593376159667969,0,
00:00:12.212,-0.00435447692871094,-0.000772476196289063,0.005950927734375,0,
00:00:12.216,-0.00437164306640625,-0.000766754150390625,0.00596809387207031,0,
00:00:12.22,-0.00438308715820313,-0.000772476196289063,0.00594520568847656,0,
00:00:12.224,-0.00437164306640625,-0.000772476196289063,0.00593376159667969,0,
00:00:12.228,-0.00436592102050781,-0.00075531005859375,0.00595664978027344,0,
00:00:12.232,-0.00436592102050781,-0.000749588012695313,0.00594520568847656,0,
00:00:12.236,-0.00439453125,-0.000749588012695313,0.00593376159667969,0,
00:00:12.24,-0.00437736511230469,-0.000772476196289063,0.00591659545898438,0,
00:00:12.244,-0.00433731079101563,-0.000772476196289063,0.00594520568847656,0,
00:00:12.248,-0.00434303283691406,-0.000772476196289063,0.00596237182617188,0,
00:00:12.252,-0.00436019897460938,-0.000766754150390625,0.00594520568847656,0,
00:00:12.256,-0.00438308715820313,-0.00075531005859375,0.00594520568847656,0,
00:00:12.26,-0.00439453125,-0.000766754150390625,0.00592803955078125,0,
00:00:12.264,-0.00438308715820313,-0.000772476196289063,0.00592803955078125,0,
00:00:12.268,-0.00438308715820313,-0.000761032104492188,0.00591087341308594,0,
00:00:12.272,-0.00435447692871094,-0.000749588012695313,0.00589942932128906,0,
00:00:12.276,-0.00430870056152344,-0.000772476196289063,0.00592231750488281,0,
00:00:12.28,-0.0043487548828125,-0.000783920288085938,0.00592803955078125,0,
00:00:12.284,-0.00438308715820313,-0.000783920288085938,0.00592231750488281,0,
00:00:12.288,-0.00438880920410156,-0.00075531005859375,0.00591087341308594,0,
00:00:12.292,-0.00437736511230469,-0.00075531005859375,0.00592231750488281,0,
00:00:12.296,-0.00437736511230469,-0.000743865966796875,0.00589370727539063,0,
00:00:12.3,-0.00435447692871094,-0.00075531005859375,0.00587081909179688,0,
00:00:12.304,-0.00432586669921875,-0.000783920288085938,0.00591659545898438,0,
00:00:12.308,-0.00434303283691406,-0.0007781982421875,0.00589942932128906,0,
00:00:12.312,-0.00436592102050781,-0.000772476196289063,0.00591087341308594,0,
00:00:12.316,-0.00436592102050781,-0.0007781982421875,0.00591087341308594,0,
00:00:12.32,-0.00436019897460938,-0.000732421875,0.00592231750488281,0,
00:00:12.324,-0.00438880920410156,-0.000761032104492188,0.0059051513671875,0,
00:00:12.328,-0.00435447692871094,-0.0007781982421875,0.00588798522949219,0,
00:00:12.332,-0.00434303283691406,-0.000766754150390625,0.00589370727539063,0,
00:00:12.336,-0.00432586669921875,-0.0007781982421875,0.00589942932128906,0,
00:00:12.34,-0.00433731079101563,-0.0007781982421875,0.00589370727539063,0,
00:00:12.344,-0.00438880920410156,-0.000783920288085938,0.00587081909179688,0,
00:00:12.348,-0.00438880920410156,-0.000772476196289063,0.00587654113769531,0,
00:00:12.352,-0.00436019897460938,-0.000766754150390625,0.00588798522949219,0,
00:00:12.356,-0.00436019897460938,-0.000743865966796875,0.00591087341308594,0,
00:00:12.36,-0.00437164306640625,-0.000761032104492188,0.00589370727539063,0,
00:00:12.364,-0.00435447692871094,-0.000766754150390625,0.00587081909179688,0,
00:00:12.368,-0.00435447692871094,-0.000761032104492188,0.00585365295410156,0,
00:00:12.372,-0.00436019897460938,-0.0007781982421875,0.00587654113769531,0,
00:00:12.376,-0.00436019897460938,-0.000783920288085938,0.00589370727539063,0,
00:00:12.38,-0.00436019897460938,-0.0007781982421875,0.005859375,0,
00:00:12.384,-0.00436019897460938,-0.000772476196289063,0.00583076477050781,0,
00:00:12.388,-0.00436592102050781,-0.00075531005859375,0.00584220886230469,0,
00:00:12.392,-0.00437164306640625,-0.000749588012695313,0.00585365295410156,0,
00:00:12.396,-0.00436019897460938,-0.000749588012695313,0.00584220886230469,0,
00:00:12.4,-0.00435447692871094,-0.0007781982421875,0.00588226318359375,0,
00:00:12.404,-0.00432014465332031,-0.000789642333984375,0.00587081909179688,0,
00:00:12.408,-0.00434303283691406,-0.000772476196289063,0.00584793090820313,0,
00:00:12.412,-0.00436019897460938,-0.000772476196289063,0.00584220886230469,0,
00:00:12.416,-0.00437164306640625,-0.000761032104492188,0.00584220886230469,0,
00:00:12.42,-0.00436592102050781,-0.00075531005859375,0.00585365295410156,0,
00:00:12.424,-0.00433731079101563,-0.00075531005859375,0.00582504272460938,0,
00:00:12.428,-0.00429153442382813,-0.000766754150390625,0.005859375,0,
00:00:12.432,-0.00432586669921875,-0.0007781982421875,0.005859375,0,
00:00:12.436,-0.00436019897460938,-0.000789642333984375,0.00584220886230469,0,
00:00:12.44,-0.00437164306640625,-0.000783920288085938,0.00586509704589844,0,
00:00:12.444,-0.00437164306640625,-0.000766754150390625,0.00583648681640625,0,
00:00:12.448,-0.00437736511230469,-0.0007781982421875,0.00581932067871094,0,
00:00:12.452,-0.00436019897460938,-0.000789642333984375,0.00584220886230469,0,
00:00:12.456,-0.00437736511230469,-0.00075531005859375,0.00583076477050781,0,
00:00:12.46,-0.00433731079101563,-0.00075531005859375,0.00580787658691406,0,
00:00:12.464,-0.00431442260742188,-0.000749588012695313,0.00582504272460938,0,
00:00:12.468,-0.00433158874511719,-0.000743865966796875,0.0058135986328125,0,
00:00:12.472,-0.00436019897460938,-0.0007781982421875,0.00581932067871094,0,
00:00:12.476,-0.0043487548828125,-0.000766754150390625,0.00583076477050781,0,
00:00:12.48,-0.00436592102050781,-0.000783920288085938,0.00583076477050781,0,
00:00:12.484,-0.00434303283691406,-0.000766754150390625,0.0058135986328125,0,
00:00:12.488,-0.004302978515625,-0.000761032104492188,0.00580215454101563,0,
00:00:12.492,-0.00431442260742188,-0.000766754150390625,0.00582504272460938,0,
00:00:12.496,-0.00436019897460938,-0.000772476196289063,0.00579643249511719,0,
00:00:12.5,-0.00440025329589844,-0.000766754150390625,0.00579643249511719,0,
00:00:12.504,-0.00438308715820313,-0.000766754150390625,0.00582504272460938,0,
00:00:12.508,-0.00436019897460938,-0.000766754150390625,0.005767822265625,0,
00:00:12.512,-0.00434303283691406,-0.00075531005859375,0.00579643249511719,0,
00:00:12.516,-0.00431442260742188,-0.000766754150390625,0.00584220886230469,0,
00:00:12.52,-0.00433158874511719,-0.000789642333984375,0.00580787658691406,0,
00:00:12.524,-0.00435447692871094,-0.000772476196289063,0.00578498840332031,0,
00:00:12.528,-0.00436019897460938,-0.000761032104492188,0.00579071044921875,0,
00:00:12.532,-0.00433731079101563,-0.000766754150390625,0.005767822265625,0,
00:00:12.536,-0.0043487548828125,-0.000766754150390625,0.00579643249511719,0,
00:00:12.54,-0.00433731079101563,-0.000761032104492188,0.00580787658691406,0,
00:00:12.544,-0.00431442260742188,-0.000761032104492188,0.00579071044921875,0,
00:00:12.548,-0.00430870056152344,-0.000766754150390625,0.00579071044921875,0,
00:00:12.552,-0.00432586669921875,-0.000772476196289063,0.00578498840332031,0,
00:00:12.556,-0.00436592102050781,-0.000795364379882813,0.00579071044921875,0,
00:00:12.56,-0.00436592102050781,-0.00080108642578125,0.00576210021972656,0,
00:00:12.564,-0.00437164306640625,-0.000738143920898438,0.00579071044921875,0,
00:00:12.568,-0.00436592102050781,-0.000743865966796875,0.00580215454101563,0,
00:00:12.572,-0.00433158874511719,-0.000766754150390625,0.00579643249511719,0,
00:00:12.576,-0.00429153442382813,-0.000743865966796875,0.00573921203613281,0,
00:00:12.58,-0.00430870056152344,-0.000772476196289063,0.00575637817382813,0,
00:00:12.584,-0.00430870056152344,-0.000783920288085938,0.00577354431152344,0,
00:00:12.588,-0.00430870056152344,-0.000761032104492188,0.00578498840332031,0,
00:00:12.592,-0.00435447692871094,-0.000772476196289063,0.00580215454101563,0,
00:00:12.596,-0.00433731079101563,-0.000761032104492188,0.005767822265625,0,
00:00:12.6,-0.0043487548828125,-0.000761032104492188,0.00573348999023438,0,
00:00:12.604,-0.00434303283691406,-0.0007781982421875,0.00576210021972656,0,
00:00:12.608,-0.0043487548828125,-0.000761032104492188,0.00577354431152344,0,
00:00:12.612,-0.00436592102050781,-0.0007781982421875,0.00577354431152344,0,
00:00:12.616,-0.00433731079101563,-0.000789642333984375,0.00576210021972656,0,
00:00:12.62,-0.00433158874511719,-0.00075531005859375,0.005767822265625,0,
00:00:12.624,-0.00433158874511719,-0.000749588012695313,0.00575637817382813,0,
00:00:12.628,-0.00433158874511719,-0.000749588012695313,0.00572776794433594,0,
00:00:12.632,-0.00431442260742188,-0.000761032104492188,0.0057220458984375,0,
00:00:12.636,-0.004302978515625,-0.000766754150390625,0.00580215454101563,0,
00:00:12.64,-0.00429725646972656,-0.000761032104492188,0.00579071044921875,0,
00:00:12.644,-0.00433731079101563,-0.000761032104492188,0.00575637817382813,0,
00:00:12.648,-0.00432014465332031,-0.000749588012695313,0.00575065612792969,0,
00:00:12.652,-0.00431442260742188,-0.000772476196289063,0.005767822265625,0,
00:00:12.656,-0.00430870056152344,-0.000772476196289063,0.00575637817382813,0,
00:00:12.66,-0.00432014465332031,-0.000766754150390625,0.00571632385253906,0,
00:00:12.664,-0.00434303283691406,-0.000743865966796875,0.00568771362304688,0,
00:00:12.668,-0.00433158874511719,-0.000738143920898438,0.00573921203613281,0,
00:00:12.672,-0.00432586669921875,-0.000766754150390625,0.00577354431152344,0,
00:00:12.676,-0.00433158874511719,-0.000795364379882813,0.00575637817382813,0,
00:00:12.68,-0.00433731079101563,-0.000783920288085938,0.00571632385253906,0,
00:00:12.684,-0.00432014465332031,-0.000743865966796875,0.0057220458984375,0,
00:00:12.688,-0.00432014465332031,-0.000738143920898438,0.00573921203613281,0,
00:00:12.692,-0.00432014465332031,-0.00075531005859375,0.00575637817382813,0,
00:00:12.696,-0.00431442260742188,-0.00075531005859375,0.00572776794433594,0,
00:00:12.7,-0.00432014465332031,-0.000772476196289063,0.00573348999023438,0,
00:00:12.704,-0.00430870056152344,-0.000749588012695313,0.00573921203613281,0,
00:00:12.708,-0.00432014465332031,-0.000749588012695313,0.00573348999023438,0,
00:00:12.712,-0.00433731079101563,-0.000772476196289063,0.00571060180664063,0,
00:00:12.716,-0.0043487548828125,-0.000766754150390625,0.00571060180664063,0,
00:00:12.72,-0.00435447692871094,-0.000761032104492188,0.0057220458984375,0,
00:00:12.724,-0.00431442260742188,-0.00075531005859375,0.00573348999023438,0,
00:00:12.728,-0.004302978515625,-0.000761032104492188,0.00575065612792969,0,
00:00:12.732,-0.00432014465332031,-0.00075531005859375,0.00574493408203125,0,
00:00:12.736,-0.004302978515625,-0.000732421875,0.00570487976074219,0,
00:00:12.74,-0.00428009033203125,-0.00075531005859375,0.00572776794433594,0,
00:00:12.744,-0.00428009033203125,-0.000743865966796875,0.00573921203613281,0,
00:00:12.748,-0.00428581237792969,-0.00075531005859375,0.00571632385253906,0,
00:00:12.752,-0.004302978515625,-0.000761032104492188,0.00571060180664063,0,
00:00:12.756,-0.00434303283691406,-0.000743865966796875,0.00569343566894531,0,
00:00:12.76,-0.00436019897460938,-0.000738143920898438,0.00571060180664063,0,
00:00:12.764,-0.00433731079101563,-0.000761032104492188,0.00574493408203125,0,
00:00:12.768,-0.00432586669921875,-0.000772476196289063,0.00570487976074219,0,
00:00:12.772,-0.00430870056152344,-0.000783920288085938,0.00573348999023438,0,
00:00:12.776,-0.00433158874511719,-0.0007781982421875,0.00573921203613281,0,
00:00:12.78,-0.0043487548828125,-0.000761032104492188,0.00571060180664063,0,
00:00:12.784,-0.00433158874511719,-0.000749588012695313,0.00568771362304688,0,
00:00:12.788,-0.00431442260742188,-0.000720977783203125,0.00570487976074219,0,
00:00:12.792,-0.00430870056152344,-0.000738143920898438,0.00568771362304688,0,
00:00:12.796,-0.00429725646972656,-0.00075531005859375,0.00573348999023438,0,
00:00:12.8,-0.00427436828613281,-0.000761032104492188,0.00571632385253906,0,
00:00:12.804,-0.00430870056152344,-0.000749588012695313,0.00569343566894531,0,
00:00:12.808,-0.00433731079101563,-0.000761032104492188,0.00569343566894531,0,
00:00:12.812,-0.004302978515625,-0.000761032104492188,0.00568771362304688,0,
00:00:12.816,-0.00428581237792969,-0.000761032104492188,0.0057220458984375,0,
00:00:12.82,-0.00430870056152344,-0.00075531005859375,0.00570487976074219,0,
00:00:12.824,-0.00433158874511719,-0.000761032104492188,0.00571060180664063,0,
00:00:12.828,-0.00429725646972656,-0.000749588012695313,0.00569915771484375,0,
00:00:12.832,-0.00428581237792969,-0.000732421875,0.00569343566894531,0,
00:00:12.836,-0.004302978515625,-0.000743865966796875,0.00569343566894531,0,
00:00:12.84,-0.00427436828613281,-0.000761032104492188,0.00569343566894531,0,
00:00:12.844,-0.00429725646972656,-0.000743865966796875,0.00570487976074219,0,
00:00:12.848,-0.00433731079101563,-0.00075531005859375,0.0057220458984375,0,
00:00:12.852,-0.00429153442382813,-0.000766754150390625,0.0057220458984375,0,
00:00:12.856,-0.00429725646972656,-0.00075531005859375,0.00571060180664063,0,
00:00:12.86,-0.00433158874511719,-0.000738143920898438,0.00570487976074219,0,
00:00:12.864,-0.00432586669921875,-0.000738143920898438,0.00568771362304688,0,
00:00:12.868,-0.00429725646972656,-0.000749588012695313,0.00567054748535156,0,
00:00:12.872,-0.00428009033203125,-0.000743865966796875,0.00569915771484375,0,
00:00:12.876,-0.00429153442382813,-0.000738143920898438,0.00571060180664063,0,
00:00:12.88,-0.004302978515625,-0.0007781982421875,0.00568199157714844,0,
00:00:12.884,-0.004302978515625,-0.0007781982421875,0.00569915771484375,0,
00:00:12.888,-0.00429725646972656,-0.000726699829101563,0.00570487976074219,0,
00:00:12.892,-0.00429725646972656,-0.000738143920898438,0.00568199157714844,0,
00:00:12.896,-0.004302978515625,-0.000743865966796875,0.00566482543945313,0,
00:00:12.9,-0.00428581237792969,-0.000766754150390625,0.0057220458984375,0,
00:00:12.904,-0.00426864624023438,-0.00075531005859375,0.00573921203613281,0,
00:00:12.908,-0.00431442260742188,-0.000749588012695313,0.00571060180664063,0,
00:00:12.912,-0.0043487548828125,-0.000749588012695313,0.00569343566894531,0,
00:00:12.916,-0.00435447692871094,-0.000743865966796875,0.00568199157714844,0,
00:00:12.92,-0.00432586669921875,-0.00075531005859375,0.00567054748535156,0,
00:00:12.924,-0.00427436828613281,-0.00075531005859375,0.00568199157714844,0,
00:00:12.928,-0.00428581237792969,-0.000720977783203125,0.00565338134765625,0,
00:00:12.932,-0.00428581237792969,-0.000738143920898438,0.00568199157714844,0,
00:00:12.936,-0.00428009033203125,-0.000726699829101563,0.00571060180664063,0,
00:00:12.94,-0.00431442260742188,-0.000738143920898438,0.00570487976074219,0,
00:00:12.944,-0.00428581237792969,-0.000743865966796875,0.00568199157714844,0,
00:00:12.948,-0.00428581237792969,-0.000738143920898438,0.00571632385253906,0,
00:00:12.952,-0.00428009033203125,-0.000732421875,0.00569915771484375,0,
00:00:12.956,-0.00426864624023438,-0.000732421875,0.00568199157714844,0,
00:00:12.96,-0.00426292419433594,-0.000749588012695313,0.00568199157714844,0,
00:00:12.964,-0.00428581237792969,-0.000732421875,0.0057220458984375,0,
00:00:12.968,-0.00429153442382813,-0.000726699829101563,0.00568199157714844,0,
00:00:12.972,-0.00426864624023438,-0.00075531005859375,0.00569915771484375,0,
00:00:12.976,-0.00428009033203125,-0.000766754150390625,0.00571060180664063,0,
00:00:12.98,-0.00432014465332031,-0.000732421875,0.00568199157714844,0,
00:00:12.984,-0.00432014465332031,-0.000692367553710938,0.00568199157714844,0,
00:00:12.988,-0.00426292419433594,-0.000703811645507813,0.00569343566894531,0,
00:00:12.992,-0.00427436828613281,-0.000749588012695313,0.00567626953125,0,
00:00:12.996,-0.00430870056152344,-0.000772476196289063,0.00572776794433594,0,
00:00:13,-0.00430870056152344,-0.000738143920898438,0.00569343566894531,0,
00:00:13.004,-0.00430870056152344,-0.000715255737304688,0.00565910339355469,0,
00:00:13.008,-0.00428009033203125,-0.000715255737304688,0.0056304931640625,0,
00:00:13.012,-0.00425148010253906,-0.000726699829101563,0.00567626953125,0,
00:00:13.016,-0.00424003601074219,-0.000749588012695313,0.00568199157714844,0,
00:00:13.02,-0.00426864624023438,-0.000732421875,0.00568771362304688,0,
00:00:13.024,-0.00429153442382813,-0.000720977783203125,0.00571060180664063,0,
00:00:13.028,-0.00429153442382813,-0.000720977783203125,0.00567626953125,0,
00:00:13.032,-0.00429725646972656,-0.000715255737304688,0.00568199157714844,0,
00:00:13.036,-0.00427436828613281,-0.000726699829101563,0.00568771362304688,0,
00:00:13.04,-0.00428581237792969,-0.000732421875,0.00567054748535156,0,
00:00:13.044,-0.00427436828613281,-0.000720977783203125,0.00565338134765625,0,
00:00:13.048,-0.00424575805664063,-0.000720977783203125,0.00567626953125,0,
00:00:13.052,-0.00428009033203125,-0.000720977783203125,0.00567626953125,0,
00:00:13.056,-0.00428581237792969,-0.000749588012695313,0.00566482543945313,0,
00:00:13.06,-0.00426292419433594,-0.000749588012695313,0.00570487976074219,0,
00:00:13.064,-0.00429153442382813,-0.000732421875,0.00567626953125,0,
00:00:13.068,-0.00428581237792969,-0.000743865966796875,0.00567626953125,0,
00:00:13.072,-0.00424575805664063,-0.000715255737304688,0.00568199157714844,0,
00:00:13.076,-0.00427436828613281,-0.000720977783203125,0.00567054748535156,0,
00:00:13.08,-0.00429725646972656,-0.000743865966796875,0.00569343566894531,0,
00:00:13.084,-0.00427436828613281,-0.000726699829101563,0.00570487976074219,0,
00:00:13.088,-0.00428009033203125,-0.000715255737304688,0.00566482543945313,0,
00:00:13.092,-0.004302978515625,-0.00070953369140625,0.00564765930175781,0,
00:00:13.096,-0.00426292419433594,-0.000726699829101563,0.00565910339355469,0,
00:00:13.1,-0.00422859191894531,-0.00070953369140625,0.00563621520996094,0,
00:00:13.104,-0.00424575805664063,-0.00070953369140625,0.00563621520996094,0,
00:00:13.108,-0.00424575805664063,-0.000743865966796875,0.00571060180664063,0,
00:00:13.112,-0.00428581237792969,-0.000761032104492188,0.00570487976074219,0,
00:00:13.116,-0.00432014465332031,-0.000726699829101563,0.00567054748535156,0,
00:00:13.12,-0.00430870056152344,-0.000698089599609375,0.00565338134765625,0,
00:00:13.124,-0.00426292419433594,-0.000703811645507813,0.00569915771484375,0,
00:00:13.128,-0.00425148010253906,-0.00070953369140625,0.00567626953125,0,
00:00:13.132,-0.0042572021484375,-0.000726699829101563,0.00567626953125,0,
00:00:13.136,-0.00424003601074219,-0.000749588012695313,0.00564765930175781,0,
00:00:13.14,-0.00426864624023438,-0.000720977783203125,0.00566482543945313,0,
00:00:13.144,-0.00429153442382813,-0.000715255737304688,0.00567054748535156,0,
00:00:13.148,-0.00428009033203125,-0.000715255737304688,0.00565910339355469,0,
00:00:13.152,-0.0042572021484375,-0.000726699829101563,0.00566482543945313,0,
00:00:13.156,-0.00424575805664063,-0.000732421875,0.00569343566894531,0,
00:00:13.16,-0.00425148010253906,-0.000720977783203125,0.00571060180664063,0,
00:00:13.164,-0.00428009033203125,-0.000703811645507813,0.00571632385253906,0,
00:00:13.168,-0.004302978515625,-0.000703811645507813,0.00569915771484375,0,
00:00:13.172,-0.00428009033203125,-0.00070953369140625,0.00567054748535156,0,
00:00:13.176,-0.0042572021484375,-0.000732421875,0.00566482543945313,0,
00:00:13.18,-0.00426864624023438,-0.000726699829101563,0.00566482543945313,0,
00:00:13.184,-0.00426292419433594,-0.000726699829101563,0.00564765930175781,0,
00:00:13.188,-0.0042572021484375,-0.000698089599609375,0.00565910339355469,0,
00:00:13.192,-0.00426864624023438,-0.000680923461914063,0.00565910339355469,0,
00:00:13.196,-0.00425148010253906,-0.000698089599609375,0.00566482543945313,0,
00:00:13.2,-0.00424575805664063,-0.000761032104492188,0.00568199157714844,0,
00:00:13.204,-0.00426864624023438,-0.000738143920898438,0.00571060180664063,0,
00:00:13.208,-0.00428009033203125,-0.000720977783203125,0.00569343566894531,0,
00:00:13.212,-0.00427436828613281,-0.000715255737304688,0.00568199157714844,0,
00:00:13.216,-0.00428009033203125,-0.000726699829101563,0.00567626953125,0,
00:00:13.22,-0.00429153442382813,-0.00070953369140625,0.00565338134765625,0,
00:00:13.224,-0.0042572021484375,-0.000692367553710938,0.00564193725585938,0,
00:00:13.228,-0.00423431396484375,-0.00070953369140625,0.00569915771484375,0,
00:00:13.232,-0.00423431396484375,-0.000698089599609375,0.00568199157714844,0,
00:00:13.236,-0.00426292419433594,-0.000703811645507813,0.00565910339355469,0,
00:00:13.24,-0.00426864624023438,-0.000698089599609375,0.00567626953125,0,
00:00:13.244,-0.00422286987304688,-0.000703811645507813,0.00569343566894531,0,
00:00:13.248,-0.00424003601074219,-0.000703811645507813,0.00567054748535156,0,
00:00:13.252,-0.00427436828613281,-0.00070953369140625,0.00567626953125,0,
00:00:13.256,-0.00427436828613281,-0.000720977783203125,0.00568199157714844,0,
00:00:13.26,-0.00429153442382813,-0.000720977783203125,0.00568199157714844,0,
00:00:13.264,-0.00426864624023438,-0.000658035278320313,0.00567054748535156,0,
00:00:13.268,-0.00423431396484375,-0.000692367553710938,0.00568199157714844,0,
00:00:13.272,-0.00423431396484375,-0.00070953369140625,0.00567054748535156,0,
00:00:13.276,-0.0042572021484375,-0.00070953369140625,0.00566482543945313,0,
00:00:13.28,-0.0042572021484375,-0.000698089599609375,0.00569915771484375,0,
00:00:13.284,-0.00426292419433594,-0.0006866455078125,0.00567626953125,0,
00:00:13.288,-0.00426292419433594,-0.000692367553710938,0.00561904907226563,0,
00:00:13.292,-0.00426292419433594,-0.000703811645507813,0.00565338134765625,0,
00:00:13.296,-0.00424575805664063,-0.000720977783203125,0.00572776794433594,0,
00:00:13.3,-0.00424575805664063,-0.0006866455078125,0.00569915771484375,0,
00:00:13.304,-0.00426292419433594,-0.000698089599609375,0.00565338134765625,0,
00:00:13.308,-0.00425148010253906,-0.000703811645507813,0.00567054748535156,0,
00:00:13.312,-0.00426864624023438,-0.000703811645507813,0.00564765930175781,0,
00:00:13.316,-0.00425148010253906,-0.000698089599609375,0.00566482543945313,0,
00:00:13.32,-0.0042572021484375,-0.000715255737304688,0.00568199157714844,0,
00:00:13.324,-0.00426292419433594,-0.000692367553710938,0.00567626953125,0,
00:00:13.328,-0.00428009033203125,-0.000692367553710938,0.00569343566894531,0,
00:00:13.332,-0.00427436828613281,-0.000698089599609375,0.00568771362304688,0,
00:00:13.336,-0.00426864624023438,-0.000698089599609375,0.00567054748535156,0,
00:00:13.34,-0.00425148010253906,-0.00070953369140625,0.00567054748535156,0,
00:00:13.344,-0.00424575805664063,-0.000692367553710938,0.00568199157714844,0,
00:00:13.348,-0.00427436828613281,-0.000669479370117188,0.00569915771484375,0,
00:00:13.352,-0.00426864624023438,-0.000669479370117188,0.00568771362304688,0,
00:00:13.356,-0.0042572021484375,-0.000703811645507813,0.00567626953125,0,
00:00:13.36,-0.0042572021484375,-0.000703811645507813,0.00567054748535156,0,
00:00:13.364,-0.00424575805664063,-0.000698089599609375,0.00563621520996094,0,
00:00:13.368,-0.00422859191894531,-0.000675201416015625,0.00567054748535156,0,
00:00:13.372,-0.00422286987304688,-0.000680923461914063,0.00565338134765625,0,
00:00:13.376,-0.00425148010253906,-0.000703811645507813,0.00567626953125,0,
00:00:13.38,-0.00424003601074219,-0.000692367553710938,0.00571060180664063,0,
00:00:13.384,-0.00426292419433594,-0.000675201416015625,0.00569343566894531,0,
00:00:13.388,-0.00426292419433594,-0.000675201416015625,0.00567626953125,0,
00:00:13.392,-0.00426864624023438,-0.000692367553710938,0.00566482543945313,0,
00:00:13.396,-0.00426292419433594,-0.000698089599609375,0.00565910339355469,0,
00:00:13.4,-0.00426292419433594,-0.000680923461914063,0.00567054748535156,0,
00:00:13.404,-0.00425148010253906,-0.0006866455078125,0.00569343566894531,0,
00:00:13.408,-0.00424575805664063,-0.000692367553710938,0.00569915771484375,0,
00:00:13.412,-0.00425148010253906,-0.000669479370117188,0.00565910339355469,0,
00:00:13.416,-0.00424575805664063,-0.000703811645507813,0.00566482543945313,0,
00:00:13.42,-0.00422286987304688,-0.000698089599609375,0.00568199157714844,0,
00:00:13.424,-0.0042572021484375,-0.000680923461914063,0.00568199157714844,0,
00:00:13.428,-0.00425148010253906,-0.000692367553710938,0.00565338134765625,0,
00:00:13.432,-0.0042572021484375,-0.000698089599609375,0.00569915771484375,0,
00:00:13.436,-0.00425148010253906,-0.000658035278320313,0.00570487976074219,0,
00:00:13.44,-0.00426292419433594,-0.000675201416015625,0.00568771362304688,0,
00:00:13.444,-0.0042572021484375,-0.000692367553710938,0.00569343566894531,0,
00:00:13.448,-0.00425148010253906,-0.000692367553710938,0.00569343566894531,0,
00:00:13.452,-0.00424003601074219,-0.000675201416015625,0.00568199157714844,0,
00:00:13.456,-0.00422859191894531,-0.000680923461914063,0.00567626953125,0,
00:00:13.46,-0.00424003601074219,-0.000692367553710938,0.00567626953125,0,
00:00:13.464,-0.00424575805664063,-0.000680923461914063,0.00560760498046875,0,
00:00:13.468,-0.00424003601074219,-0.000680923461914063,0.00569915771484375,0,
00:00:13.472,-0.00421714782714844,-0.000675201416015625,0.0057220458984375,0,
00:00:13.476,-0.0042572021484375,-0.000669479370117188,0.00568199157714844,0,
00:00:13.48,-0.00425148010253906,-0.000692367553710938,0.00563621520996094,0,
00:00:13.484,-0.00421714782714844,-0.0006866455078125,0.00568199157714844,0,
00:00:13.488,-0.0042572021484375,-0.0006866455078125,0.0057220458984375,0,
00:00:13.492,-0.00427436828613281,-0.000692367553710938,0.00568771362304688,0,
00:00:13.496,-0.00426864624023438,-0.000692367553710938,0.00566482543945313,0,
00:00:13.5,-0.00422859191894531,-0.000669479370117188,0.00564765930175781,0,
00:00:13.504,-0.00421142578125,-0.000675201416015625,0.00569343566894531,0,
00:00:13.508,-0.00421142578125,-0.000675201416015625,0.00570487976074219,0,
00:00:13.512,-0.0042572021484375,-0.000680923461914063,0.00567626953125,0,
00:00:13.516,-0.0042572021484375,-0.0006866455078125,0.00568771362304688,0,
00:00:13.52,-0.00425148010253906,-0.000703811645507813,0.00570487976074219,0,
00:00:13.524,-0.00424575805664063,-0.000680923461914063,0.00566482543945313,0,
00:00:13.528,-0.00423431396484375,-0.000675201416015625,0.00566482543945313,0,
00:00:13.532,-0.00423431396484375,-0.000675201416015625,0.00571060180664063,0,
00:00:13.536,-0.0042572021484375,-0.0006866455078125,0.00571060180664063,0,
00:00:13.54,-0.00422286987304688,-0.000680923461914063,0.00571060180664063,0,
00:00:13.544,-0.00425148010253906,-0.00066375732421875,0.00564193725585938,0,
00:00:13.548,-0.00427436828613281,-0.000669479370117188,0.00566482543945313,0,
00:00:13.552,-0.00424575805664063,-0.000669479370117188,0.00570487976074219,0,
00:00:13.556,-0.00425148010253906,-0.000692367553710938,0.00569915771484375,0,
00:00:13.56,-0.00426864624023438,-0.0006866455078125,0.00568771362304688,0,
00:00:13.564,-0.0042572021484375,-0.000669479370117188,0.00565910339355469,0,
00:00:13.568,-0.00425148010253906,-0.000675201416015625,0.00568771362304688,0,
00:00:13.572,-0.00423431396484375,-0.000669479370117188,0.00569343566894531,0,
00:00:13.576,-0.00422859191894531,-0.000675201416015625,0.00569343566894531,0,
00:00:13.58,-0.00419998168945313,-0.000669479370117188,0.00567626953125,0,
00:00:13.584,-0.00424003601074219,-0.00066375732421875,0.00569915771484375,0,
00:00:13.588,-0.00422286987304688,-0.000675201416015625,0.00572776794433594,0,
00:00:13.592,-0.00421142578125,-0.00066375732421875,0.00569343566894531,0,
00:00:13.596,-0.00422859191894531,-0.000675201416015625,0.00568199157714844,0,
00:00:13.6,-0.00424575805664063,-0.00066375732421875,0.00566482543945313,0,
00:00:13.604,-0.00423431396484375,-0.000669479370117188,0.00569915771484375,0,
00:00:13.608,-0.00422286987304688,-0.000675201416015625,0.00571060180664063,0,
00:00:13.612,-0.00422859191894531,-0.000669479370117188,0.00569343566894531,0,
00:00:13.616,-0.00422286987304688,-0.0006866455078125,0.00569915771484375,0,
00:00:13.62,-0.00424003601074219,-0.000692367553710938,0.00569915771484375,0,
00:00:13.624,-0.00425148010253906,-0.000669479370117188,0.00571060180664063,0,
00:00:13.628,-0.00424575805664063,-0.000646591186523438,0.00568771362304688,0,
00:00:13.632,-0.00423431396484375,-0.00066375732421875,0.00569343566894531,0,
00:00:13.636,-0.00423431396484375,-0.000680923461914063,0.00573348999023438,0,
00:00:13.64,-0.00422859191894531,-0.000669479370117188,0.0057220458984375,0,
00:00:13.644,-0.00422859191894531,-0.000652313232421875,0.00571060180664063,0,
00:00:13.648,-0.00421142578125,-0.00066375732421875,0.00569915771484375,0,
00:00:13.652,-0.00421714782714844,-0.000675201416015625,0.00567626953125,0,
00:00:13.656,-0.00424003601074219,-0.000692367553710938,0.00569343566894531,0,
00:00:13.66,-0.00423431396484375,-0.000658035278320313,0.00571632385253906,0,
00:00:13.664,-0.00424575805664063,-0.00066375732421875,0.00572776794433594,0,
00:00:13.668,-0.00423431396484375,-0.000658035278320313,0.00571632385253906,0,
00:00:13.672,-0.00421714782714844,-0.000658035278320313,0.00570487976074219,0,
00:00:13.676,-0.00419998168945313,-0.000669479370117188,0.00572776794433594,0,
00:00:13.68,-0.00422286987304688,-0.000669479370117188,0.00573348999023438,0,
00:00:13.684,-0.00423431396484375,-0.00066375732421875,0.00572776794433594,0,
00:00:13.688,-0.00422859191894531,-0.000652313232421875,0.00571632385253906,0,
00:00:13.692,-0.00425148010253906,-0.000646591186523438,0.00570487976074219,0,
00:00:13.696,-0.00424003601074219,-0.00066375732421875,0.00571060180664063,0,
00:00:13.7,-0.00419998168945313,-0.000652313232421875,0.00570487976074219,0,
00:00:13.704,-0.00419998168945313,-0.00066375732421875,0.0057220458984375,0,
00:00:13.708,-0.00421714782714844,-0.000680923461914063,0.00571632385253906,0,
00:00:13.712,-0.00421714782714844,-0.00066375732421875,0.00572776794433594,0,
00:00:13.716,-0.00423431396484375,-0.000652313232421875,0.00573348999023438,0,
00:00:13.72,-0.00423431396484375,-0.000658035278320313,0.00574493408203125,0,
00:00:13.724,-0.00420570373535156,-0.000658035278320313,0.00574493408203125,0,
00:00:13.728,-0.00418853759765625,-0.000669479370117188,0.00573348999023438,0,
00:00:13.732,-0.00422286987304688,-0.000652313232421875,0.00573348999023438,0,
00:00:13.736,-0.00424003601074219,-0.000652313232421875,0.00575065612792969,0,
00:00:13.74,-0.00424003601074219,-0.00066375732421875,0.00573921203613281,0,
00:00:13.744,-0.00423431396484375,-0.000658035278320313,0.00571632385253906,0,
00:00:13.748,-0.00422286987304688,-0.000658035278320313,0.00573921203613281,0,
00:00:13.752,-0.00420570373535156,-0.000646591186523438,0.00575637817382813,0,
00:00:13.756,-0.00421142578125,-0.00066375732421875,0.00574493408203125,0,
00:00:13.76,-0.00421714782714844,-0.000658035278320313,0.00572776794433594,0,
00:00:13.764,-0.00422859191894531,-0.000646591186523438,0.0057220458984375,0,
00:00:13.768,-0.00420570373535156,-0.000675201416015625,0.00570487976074219,0,
00:00:13.772,-0.00417709350585938,-0.000680923461914063,0.00574493408203125,0,
00:00:13.776,-0.00419425964355469,-0.000646591186523438,0.00574493408203125,0,
00:00:13.78,-0.00426864624023438,-0.000652313232421875,0.00573348999023438,0,
00:00:13.784,-0.00424575805664063,-0.000652313232421875,0.00577354431152344,0,
00:00:13.788,-0.00419425964355469,-0.000646591186523438,0.00573921203613281,0,
00:00:13.792,-0.00421714782714844,-0.000635147094726563,0.00575065612792969,0,
00:00:13.796,-0.00419425964355469,-0.000646591186523438,0.00577354431152344,0,
00:00:13.8,-0.00421142578125,-0.00066375732421875,0.005767822265625,0,
00:00:13.804,-0.00421714782714844,-0.00066375732421875,0.00575065612792969,0,
00:00:13.808,-0.00422286987304688,-0.00066375732421875,0.00574493408203125,0,
00:00:13.812,-0.00422859191894531,-0.000646591186523438,0.0057220458984375,0,
00:00:13.816,-0.00421714782714844,-0.000629425048828125,0.00569915771484375,0,
00:00:13.82,-0.00418853759765625,-0.000635147094726563,0.00571632385253906,0,
00:00:13.824,-0.00418853759765625,-0.000675201416015625,0.00576210021972656,0,
00:00:13.828,-0.00419998168945313,-0.000669479370117188,0.00579071044921875,0,
00:00:13.832,-0.00421142578125,-0.000658035278320313,0.00580215454101563,0,
00:00:13.836,-0.00420570373535156,-0.000658035278320313,0.00577926635742188,0,
00:00:13.84,-0.00421142578125,-0.00066375732421875,0.00576210021972656,0,
00:00:13.844,-0.00420570373535156,-0.000658035278320313,0.00575065612792969,0,
00:00:13.848,-0.00422286987304688,-0.000652313232421875,0.00574493408203125,0,
00:00:13.852,-0.00422286987304688,-0.00066375732421875,0.00572776794433594,0,
00:00:13.856,-0.00419425964355469,-0.000652313232421875,0.00573348999023438,0,
00:00:13.86,-0.00417709350585938,-0.000640869140625,0.00576210021972656,0,
00:00:13.864,-0.00419425964355469,-0.00061798095703125,0.00575637817382813,0,
00:00:13.868,-0.00418853759765625,-0.000646591186523438,0.005767822265625,0,
00:00:13.872,-0.00415420532226563,-0.000658035278320313,0.00577926635742188,0,
00:00:13.876,-0.00421714782714844,-0.000646591186523438,0.00578498840332031,0,
00:00:13.88,-0.00422859191894531,-0.000652313232421875,0.005767822265625,0,
00:00:13.884,-0.00422286987304688,-0.000652313232421875,0.00577354431152344,0,
00:00:13.888,-0.00421714782714844,-0.000652313232421875,0.00577926635742188,0,
00:00:13.892,-0.00420570373535156,-0.000640869140625,0.00578498840332031,0,
00:00:13.896,-0.00419998168945313,-0.000640869140625,0.005767822265625,0,
00:00:13.9,-0.00420570373535156,-0.000646591186523438,0.00577354431152344,0,
00:00:13.904,-0.00420570373535156,-0.000658035278320313,0.00576210021972656,0,
00:00:13.908,-0.00419998168945313,-0.000640869140625,0.00575065612792969,0,
00:00:13.912,-0.00419425964355469,-0.000635147094726563,0.00575065612792969,0,
00:00:13.916,-0.00418853759765625,-0.000640869140625,0.00575065612792969,0,
00:00:13.92,-0.00419425964355469,-0.000640869140625,0.00578498840332031,0,
00:00:13.924,-0.00417137145996094,-0.000640869140625,0.0058135986328125,0,
00:00:13.928,-0.00417137145996094,-0.000646591186523438,0.00577926635742188,0,
00:00:13.932,-0.00418281555175781,-0.000652313232421875,0.00578498840332031,0,
00:00:13.936,-0.00421142578125,-0.000680923461914063,0.00579071044921875,0,
00:00:13.94,-0.00422859191894531,-0.000652313232421875,0.00577354431152344,0,
00:00:13.944,-0.00422859191894531,-0.000629425048828125,0.00575637817382813,0,
00:00:13.948,-0.00420570373535156,-0.00061798095703125,0.005767822265625,0,
00:00:13.952,-0.00417709350585938,-0.000623703002929688,0.00575637817382813,0,
00:00:13.956,-0.00417709350585938,-0.000652313232421875,0.00573921203613281,0,
00:00:13.96,-0.00418281555175781,-0.000646591186523438,0.0058135986328125,0,
00:00:13.964,-0.00420570373535156,-0.000640869140625,0.00581932067871094,0,
00:00:13.968,-0.00420570373535156,-0.000623703002929688,0.00580215454101563,0,
00:00:13.972,-0.00419998168945313,-0.000640869140625,0.00580787658691406,0,
00:00:13.976,-0.00419425964355469,-0.000640869140625,0.00576210021972656,0,
00:00:13.98,-0.00418853759765625,-0.000646591186523438,0.00573348999023438,0,
00:00:13.984,-0.00418853759765625,-0.000640869140625,0.00574493408203125,0,
00:00:13.988,-0.00417709350585938,-0.000640869140625,0.00576210021972656,0,
00:00:13.992,-0.00417137145996094,-0.000629425048828125,0.00584220886230469,0,
00:00:13.996,-0.00419998168945313,-0.000640869140625,0.00579071044921875,0,
00:00:14,-0.00419425964355469,-0.000640869140625,0.00575065612792969,0,
00:00:14.004,-0.00418281555175781,-0.000646591186523438,0.00575637817382813,0,
00:00:14.008,-0.00418853759765625,-0.00066375732421875,0.00580787658691406,0,
00:00:14.012,-0.00419425964355469,-0.000635147094726563,0.0058135986328125,0,
00:00:14.016,-0.00419998168945313,-0.000640869140625,0.00580215454101563,0,
00:00:14.02,-0.00418853759765625,-0.000635147094726563,0.00579643249511719,0,
00:00:14.024,-0.00418281555175781,-0.000635147094726563,0.00579643249511719,0,
00:00:14.028,-0.00418853759765625,-0.000623703002929688,0.00578498840332031,0,
00:00:14.032,-0.00418281555175781,-0.000658035278320313,0.00577926635742188,0,
00:00:14.036,-0.00417709350585938,-0.00066375732421875,0.00577354431152344,0,
00:00:14.04,-0.00418853759765625,-0.000640869140625,0.00581932067871094,0,
00:00:14.044,-0.00421142578125,-0.000629425048828125,0.00579071044921875,0,
00:00:14.048,-0.00418281555175781,-0.000635147094726563,0.005767822265625,0,
00:00:14.052,-0.00418281555175781,-0.00066375732421875,0.00579643249511719,0,
00:00:14.056,-0.00420570373535156,-0.000646591186523438,0.00580787658691406,0,
00:00:14.06,-0.00418281555175781,-0.000635147094726563,0.00582504272460938,0,
00:00:14.064,-0.00417709350585938,-0.000629425048828125,0.00580215454101563,0,
00:00:14.068,-0.00419425964355469,-0.00061798095703125,0.00580787658691406,0,
00:00:14.072,-0.00417709350585938,-0.000646591186523438,0.00579643249511719,0,
00:00:14.076,-0.00417137145996094,-0.000635147094726563,0.00579071044921875,0,
00:00:14.08,-0.00420570373535156,-0.000629425048828125,0.00578498840332031,0,
00:00:14.084,-0.0041656494140625,-0.000635147094726563,0.00579643249511719,0,
00:00:14.088,-0.0041656494140625,-0.000646591186523438,0.00582504272460938,0,
00:00:14.092,-0.00419425964355469,-0.000635147094726563,0.0058135986328125,0,
00:00:14.096,-0.00419425964355469,-0.000623703002929688,0.00579071044921875,0,
00:00:14.1,-0.00418281555175781,-0.000623703002929688,0.00579643249511719,0,
00:00:14.104,-0.00417709350585938,-0.000652313232421875,0.00579643249511719,0,
00:00:14.108,-0.00418281555175781,-0.00066375732421875,0.00580787658691406,0,
00:00:14.112,-0.00419998168945313,-0.000646591186523438,0.00581932067871094,0,
00:00:14.116,-0.00418853759765625,-0.000635147094726563,0.00582504272460938,0,
00:00:14.12,-0.0041656494140625,-0.000635147094726563,0.00582504272460938,0,
00:00:14.124,-0.00417709350585938,-0.000635147094726563,0.00580787658691406,0,
00:00:14.128,-0.00418281555175781,-0.00061798095703125,0.00580787658691406,0,
00:00:14.132,-0.00417137145996094,-0.000640869140625,0.00583648681640625,0,
00:00:14.136,-0.0041656494140625,-0.000646591186523438,0.00582504272460938,0,
00:00:14.14,-0.00415992736816406,-0.000623703002929688,0.00578498840332031,0,
00:00:14.144,-0.00417709350585938,-0.000612258911132813,0.00577926635742188,0,
00:00:14.148,-0.00418281555175781,-0.000623703002929688,0.00583076477050781,0,
00:00:14.152,-0.00414848327636719,-0.000629425048828125,0.00584220886230469,0,
00:00:14.156,-0.00414848327636719,-0.000635147094726563,0.00583076477050781,0,
00:00:14.16,-0.0041656494140625,-0.000629425048828125,0.0058135986328125,0,
00:00:14.164,-0.00417709350585938,-0.000623703002929688,0.00579643249511719,0,
00:00:14.168,-0.00418853759765625,-0.00061798095703125,0.00582504272460938,0,
00:00:14.172,-0.00417709350585938,-0.000629425048828125,0.00583648681640625,0,
00:00:14.176,-0.0041656494140625,-0.000640869140625,0.00583648681640625,0,
00:00:14.18,-0.0041656494140625,-0.000629425048828125,0.00582504272460938,0,
00:00:14.184,-0.00415992736816406,-0.000640869140625,0.0058135986328125,0,
00:00:14.188,-0.00417709350585938,-0.000629425048828125,0.00580787658691406,0,
00:00:14.192,-0.00419998168945313,-0.000629425048828125,0.00582504272460938,0,
00:00:14.196,-0.00418281555175781,-0.000640869140625,0.00583076477050781,0,
00:00:14.2,-0.00417137145996094,-0.000629425048828125,0.00583648681640625,0,
00:00:14.204,-0.00417137145996094,-0.00061798095703125,0.00583076477050781,0,
00:00:14.208,-0.0041656494140625,-0.000612258911132813,0.00580215454101563,0,
00:00:14.212,-0.00415992736816406,-0.000600814819335938,0.00583648681640625,0,
00:00:14.216,-0.00414848327636719,-0.000646591186523438,0.00580787658691406,0,
00:00:14.22,-0.00414848327636719,-0.000652313232421875,0.00583076477050781,0,
00:00:14.224,-0.00413703918457031,-0.000635147094726563,0.00583648681640625,0,
00:00:14.228,-0.00417709350585938,-0.000629425048828125,0.00584793090820313,0,
00:00:14.232,-0.00419998168945313,-0.000635147094726563,0.00584220886230469,0,
00:00:14.236,-0.00418853759765625,-0.000640869140625,0.0058135986328125,0,
00:00:14.24,-0.00414848327636719,-0.000640869140625,0.00584793090820313,0,
00:00:14.244,-0.00414276123046875,-0.000629425048828125,0.00583648681640625,0,
00:00:14.248,-0.00418281555175781,-0.000612258911132813,0.0058135986328125,0,
00:00:14.252,-0.00417137145996094,-0.000606536865234375,0.00582504272460938,0,
00:00:14.256,-0.00417137145996094,-0.00061798095703125,0.00585365295410156,0,
00:00:14.26,-0.00414848327636719,-0.00061798095703125,0.00584793090820313,0,
00:00:14.264,-0.00413131713867188,-0.000629425048828125,0.00581932067871094,0,
00:00:14.268,-0.00413131713867188,-0.000640869140625,0.00583648681640625,0,
00:00:14.272,-0.00415420532226563,-0.000629425048828125,0.00584793090820313,0,
00:00:14.276,-0.00415992736816406,-0.000623703002929688,0.0058135986328125,0,
00:00:14.28,-0.00415420532226563,-0.00061798095703125,0.00581932067871094,0,
00:00:14.284,-0.0041656494140625,-0.00061798095703125,0.00583076477050781,0,
00:00:14.288,-0.00417137145996094,-0.000612258911132813,0.00585365295410156,0,
00:00:14.292,-0.00414848327636719,-0.000623703002929688,0.00582504272460938,0,
00:00:14.296,-0.00413131713867188,-0.000635147094726563,0.00584220886230469,0,
00:00:14.3,-0.00412559509277344,-0.000640869140625,0.00583076477050781,0,
00:00:14.304,-0.00418281555175781,-0.000629425048828125,0.00582504272460938,0,
00:00:14.308,-0.00419425964355469,-0.000629425048828125,0.00584220886230469,0,
00:00:14.312,-0.00419425964355469,-0.000623703002929688,0.00585365295410156,0,
00:00:14.316,-0.00417137145996094,-0.000623703002929688,0.00584220886230469,0,
00:00:14.32,-0.00414276123046875,-0.00061798095703125,0.00584793090820313,0,
00:00:14.324,-0.00413131713867188,-0.00061798095703125,0.00583076477050781,0,
00:00:14.328,-0.00415992736816406,-0.000635147094726563,0.00584793090820313,0,
00:00:14.332,-0.00413703918457031,-0.000612258911132813,0.00586509704589844,0,
00:00:14.336,-0.00412559509277344,-0.000623703002929688,0.00583648681640625,0,
00:00:14.34,-0.00414848327636719,-0.000629425048828125,0.0058135986328125,0,
00:00:14.344,-0.00417137145996094,-0.00061798095703125,0.00584793090820313,0,
00:00:14.348,-0.00415992736816406,-0.000612258911132813,0.005859375,0,
00:00:14.352,-0.00415420532226563,-0.000623703002929688,0.00585365295410156,0,
00:00:14.356,-0.00415420532226563,-0.00061798095703125,0.00587081909179688,0,
00:00:14.36,-0.00415992736816406,-0.0005950927734375,0.00584793090820313,0,
00:00:14.364,-0.00413703918457031,-0.00061798095703125,0.00583648681640625,0,
00:00:14.368,-0.00412559509277344,-0.000623703002929688,0.00583648681640625,0,
00:00:14.372,-0.00414276123046875,-0.000635147094726563,0.00584793090820313,0,
00:00:14.376,-0.00415420532226563,-0.000635147094726563,0.00585365295410156,0,
00:00:14.38,-0.00413703918457031,-0.000623703002929688,0.00584793090820313,0,
00:00:14.384,-0.00415992736816406,-0.000612258911132813,0.00586509704589844,0,
00:00:14.388,-0.00414848327636719,-0.000606536865234375,0.00587081909179688,0,
00:00:14.392,-0.00413131713867188,-0.000629425048828125,0.00584220886230469,0,
00:00:14.396,-0.00415992736816406,-0.000629425048828125,0.00585365295410156,0,
00:00:14.4,-0.00415992736816406,-0.000652313232421875,0.00583648681640625,0,
00:00:14.404,-0.00417709350585938,-0.00061798095703125,0.00584220886230469,0,
00:00:14.408,-0.00417137145996094,-0.0005950927734375,0.00586509704589844,0,
00:00:14.412,-0.00411415100097656,-0.000600814819335938,0.00585365295410156,0,
00:00:14.416,-0.00410270690917969,-0.000623703002929688,0.00586509704589844,0,
00:00:14.42,-0.00413131713867188,-0.000606536865234375,0.00588798522949219,0,
00:00:14.424,-0.00417137145996094,-0.000606536865234375,0.00584220886230469,0,
00:00:14.428,-0.00415992736816406,-0.000623703002929688,0.00585365295410156,0,
00:00:14.432,-0.00414276123046875,-0.000606536865234375,0.00586509704589844,0,
00:00:14.436,-0.00413131713867188,-0.000623703002929688,0.00586509704589844,0,
00:00:14.44,-0.00412559509277344,-0.000629425048828125,0.00587654113769531,0,
00:00:14.444,-0.00412559509277344,-0.000623703002929688,0.00587654113769531,0,
00:00:14.448,-0.00415420532226563,-0.00061798095703125,0.00589370727539063,0,
00:00:14.452,-0.00417709350585938,-0.00061798095703125,0.005859375,0,
00:00:14.456,-0.00417709350585938,-0.000623703002929688,0.00586509704589844,0,
00:00:14.46,-0.0041656494140625,-0.000606536865234375,0.00584793090820313,0,
00:00:14.464,-0.004119873046875,-0.000606536865234375,0.005859375,0,
00:00:14.468,-0.00410270690917969,-0.000612258911132813,0.00586509704589844,0,
00:00:14.472,-0.004119873046875,-0.00061798095703125,0.00586509704589844,0,
00:00:14.476,-0.00413131713867188,-0.000623703002929688,0.00587081909179688,0,
00:00:14.48,-0.00414276123046875,-0.000623703002929688,0.00589370727539063,0,
00:00:14.484,-0.0041656494140625,-0.00061798095703125,0.00588226318359375,0,
00:00:14.488,-0.00417709350585938,-0.000606536865234375,0.00587654113769531,0,
00:00:14.492,-0.00413703918457031,-0.000606536865234375,0.00588226318359375,0,
00:00:14.496,-0.00410270690917969,-0.000606536865234375,0.00587081909179688,0,
00:00:14.5,-0.00413131713867188,-0.000623703002929688,0.00586509704589844,0,
00:00:14.504,-0.00413703918457031,-0.000612258911132813,0.00583076477050781,0,
00:00:14.508,-0.004119873046875,-0.000600814819335938,0.00587654113769531,0,
00:00:14.512,-0.004119873046875,-0.00061798095703125,0.00589370727539063,0,
00:00:14.516,-0.00410842895507813,-0.000612258911132813,0.00588226318359375,0,
00:00:14.52,-0.00413703918457031,-0.000623703002929688,0.00588226318359375,0,
00:00:14.524,-0.00413131713867188,-0.000606536865234375,0.005859375,0,
00:00:14.528,-0.00413703918457031,-0.0005950927734375,0.00587654113769531,0,
00:00:14.532,-0.00415420532226563,-0.000600814819335938,0.00588798522949219,0,
00:00:14.536,-0.00413703918457031,-0.00061798095703125,0.00586509704589844,0,
00:00:14.54,-0.00413131713867188,-0.000635147094726563,0.00589370727539063,0,
00:00:14.544,-0.00413131713867188,-0.000623703002929688,0.00588798522949219,0,
00:00:14.548,-0.00415420532226563,-0.000635147094726563,0.00587654113769531,0,
00:00:14.552,-0.00415420532226563,-0.000606536865234375,0.00588798522949219,0,
00:00:14.556,-0.004119873046875,-0.000600814819335938,0.00586509704589844,0,
00:00:14.56,-0.00411415100097656,-0.000606536865234375,0.00585365295410156,0,
00:00:14.564,-0.00410270690917969,-0.000606536865234375,0.00587654113769531,0,
00:00:14.568,-0.00411415100097656,-0.000612258911132813,0.00592231750488281,0,
00:00:14.572,-0.00413131713867188,-0.000600814819335938,0.00588798522949219,0,
00:00:14.576,-0.00413703918457031,-0.0005950927734375,0.005859375,0,
00:00:14.58,-0.004119873046875,-0.00061798095703125,0.00589942932128906,0,
00:00:14.584,-0.00411415100097656,-0.000646591186523438,0.00597381591796875,0,
00:00:14.588,-0.00411415100097656,-0.00061798095703125,0.00591659545898438,0,
00:00:14.592,-0.00415992736816406,-0.000606536865234375,0.00587654113769531,0,
00:00:14.596,-0.00418853759765625,-0.00061798095703125,0.00587654113769531,0,
00:00:14.6,-0.00414848327636719,-0.000600814819335938,0.00588226318359375,0,
00:00:14.604,-0.00410270690917969,-0.000612258911132813,0.00588226318359375,0,
00:00:14.608,-0.00411415100097656,-0.000623703002929688,0.00587654113769531,0,
00:00:14.612,-0.004119873046875,-0.000623703002929688,0.00588798522949219,0,
00:00:14.616,-0.00411415100097656,-0.0005950927734375,0.00588798522949219,0,
00:00:14.62,-0.00410842895507813,-0.000606536865234375,0.00589370727539063,0,
00:00:14.624,-0.004119873046875,-0.000629425048828125,0.00588226318359375,0,
00:00:14.628,-0.00413131713867188,-0.000612258911132813,0.00589942932128906,0,
00:00:14.632,-0.00413703918457031,-0.000589370727539063,0.00588798522949219,0,
00:00:14.636,-0.00414276123046875,-0.0005950927734375,0.00589942932128906,0,
00:00:14.64,-0.00413131713867188,-0.000600814819335938,0.00588226318359375,0,
00:00:14.644,-0.00412559509277344,-0.000623703002929688,0.00592231750488281,0,
00:00:14.648,-0.00413703918457031,-0.00061798095703125,0.00589942932128906,0,
00:00:14.652,-0.00414276123046875,-0.00061798095703125,0.00587654113769531,0,
00:00:14.656,-0.00413703918457031,-0.000600814819335938,0.00592231750488281,0,
00:00:14.66,-0.00412559509277344,-0.000612258911132813,0.00592803955078125,0,
00:00:14.664,-0.00411415100097656,-0.000612258911132813,0.00591659545898438,0,
00:00:14.668,-0.00411415100097656,-0.000600814819335938,0.00589942932128906,0,
00:00:14.672,-0.00410842895507813,-0.000600814819335938,0.00589942932128906,0,
00:00:14.676,-0.00409698486328125,-0.000612258911132813,0.00588226318359375,0,
00:00:14.68,-0.00410270690917969,-0.000629425048828125,0.00589370727539063,0,
00:00:14.684,-0.00414276123046875,-0.000612258911132813,0.00589942932128906,0,
00:00:14.688,-0.00414276123046875,-0.000600814819335938,0.00592231750488281,0,
00:00:14.692,-0.00413131713867188,-0.000606536865234375,0.00593376159667969,0,
00:00:14.696,-0.00413703918457031,-0.000589370727539063,0.00591087341308594,0,
00:00:14.7,-0.00414276123046875,-0.000623703002929688,0.0059051513671875,0,
00:00:14.704,-0.00412559509277344,-0.00061798095703125,0.00593376159667969,0,
00:00:14.708,-0.00412559509277344,-0.000600814819335938,0.00589370727539063,0,
00:00:14.712,-0.004119873046875,-0.000606536865234375,0.00588798522949219,0,
00:00:14.716,-0.00411415100097656,-0.000600814819335938,0.00592803955078125,0,
00:00:14.72,-0.00409126281738281,-0.000589370727539063,0.00592231750488281,0,
00:00:14.724,-0.00408554077148438,-0.0005950927734375,0.00592231750488281,0,
00:00:14.728,-0.00410270690917969,-0.000623703002929688,0.00592803955078125,0,
00:00:14.732,-0.00411415100097656,-0.000623703002929688,0.00589942932128906,0,
00:00:14.736,-0.00413131713867188,-0.000589370727539063,0.00594520568847656,0,
00:00:14.74,-0.00410842895507813,-0.0005950927734375,0.00593376159667969,0,
00:00:14.744,-0.00413131713867188,-0.000612258911132813,0.00591087341308594,0,
00:00:14.748,-0.00414276123046875,-0.000612258911132813,0.005950927734375,0,
00:00:14.752,-0.00410842895507813,-0.000600814819335938,0.00593948364257813,0,
00:00:14.756,-0.00407981872558594,-0.000623703002929688,0.00589942932128906,0,
00:00:14.76,-0.00411415100097656,-0.00061798095703125,0.00591659545898438,0,
00:00:14.764,-0.00415420532226563,-0.0005950927734375,0.00592231750488281,0,
00:00:14.768,-0.00414276123046875,-0.000589370727539063,0.00593376159667969,0,
00:00:14.772,-0.004119873046875,-0.0005950927734375,0.00593948364257813,0,
00:00:14.776,-0.00408554077148438,-0.000623703002929688,0.00592803955078125,0,
00:00:14.78,-0.00407981872558594,-0.000606536865234375,0.00593376159667969,0,
00:00:14.784,-0.00410270690917969,-0.0005950927734375,0.00595664978027344,0,
00:00:14.788,-0.004119873046875,-0.000589370727539063,0.00592231750488281,0,
00:00:14.792,-0.00410842895507813,-0.000606536865234375,0.005950927734375,0,
00:00:14.796,-0.00413131713867188,-0.000606536865234375,0.00596237182617188,0,
00:00:14.8,-0.00412559509277344,-0.000600814819335938,0.00593948364257813,0,
00:00:14.804,-0.00408554077148438,-0.000612258911132813,0.00591659545898438,0,
00:00:14.808,-0.00409126281738281,-0.00061798095703125,0.00596237182617188,0,
00:00:14.812,-0.00413131713867188,-0.00061798095703125,0.00595664978027344,0,
00:00:14.816,-0.00413131713867188,-0.0005950927734375,0.00594520568847656,0,
00:00:14.82,-0.00413131713867188,-0.000600814819335938,0.00592231750488281,0,
00:00:14.824,-0.00412559509277344,-0.000600814819335938,0.00592803955078125,0,
00:00:14.828,-0.00409698486328125,-0.000600814819335938,0.00593948364257813,0,
00:00:14.832,-0.00407981872558594,-0.000606536865234375,0.00592231750488281,0,
00:00:14.836,-0.00407981872558594,-0.000612258911132813,0.00595664978027344,0,
00:00:14.84,-0.00410842895507813,-0.000635147094726563,0.00591659545898438,0,
00:00:14.844,-0.00410842895507813,-0.000623703002929688,0.00593376159667969,0,
00:00:14.848,-0.00413131713867188,-0.000577926635742188,0.00596809387207031,0,
00:00:14.852,-0.00412559509277344,-0.000600814819335938,0.00597381591796875,0,
00:00:14.856,-0.00411415100097656,-0.000606536865234375,0.00597381591796875,0,
00:00:14.86,-0.00410842895507813,-0.0005950927734375,0.005950927734375,0,
00:00:14.864,-0.00408554077148438,-0.000600814819335938,0.00591659545898438,0,
00:00:14.868,-0.00409698486328125,-0.000612258911132813,0.00594520568847656,0,
00:00:14.872,-0.00408554077148438,-0.000623703002929688,0.00596809387207031,0,
00:00:14.876,-0.00411415100097656,-0.000600814819335938,0.00592803955078125,0,
00:00:14.88,-0.00413131713867188,-0.000606536865234375,0.00593948364257813,0,
00:00:14.884,-0.004119873046875,-0.000612258911132813,0.00594520568847656,0,
00:00:14.888,-0.004119873046875,-0.000606536865234375,0.00596237182617188,0,
00:00:14.892,-0.00410270690917969,-0.0005950927734375,0.00598526000976563,0,
00:00:14.896,-0.00409698486328125,-0.000606536865234375,0.00593376159667969,0,
00:00:14.9,-0.00410842895507813,-0.0005950927734375,0.00591087341308594,0,
00:00:14.904,-0.00409126281738281,-0.000612258911132813,0.005950927734375,0,
00:00:14.908,-0.00409698486328125,-0.000629425048828125,0.00596809387207031,0,
00:00:14.912,-0.00410270690917969,-0.000600814819335938,0.0059967041015625,0,
00:00:14.916,-0.004119873046875,-0.000589370727539063,0.00597381591796875,0,
00:00:14.92,-0.004119873046875,-0.000623703002929688,0.00597953796386719,0,
00:00:14.924,-0.00413131713867188,-0.000606536865234375,0.00597953796386719,0,
00:00:14.928,-0.00413703918457031,-0.000600814819335938,0.00599098205566406,0,
00:00:14.932,-0.00410842895507813,-0.000612258911132813,0.00597953796386719,0,
00:00:14.936,-0.00409126281738281,-0.000629425048828125,0.00597381591796875,0,
00:00:14.94,-0.00409126281738281,-0.000623703002929688,0.00595664978027344,0,
00:00:14.944,-0.00409126281738281,-0.000612258911132813,0.00596809387207031,0,
00:00:14.948,-0.0040740966796875,-0.000600814819335938,0.00597953796386719,0,
00:00:14.952,-0.00409698486328125,-0.000612258911132813,0.005950927734375,0,
00:00:14.956,-0.00410842895507813,-0.00061798095703125,0.00596809387207031,0,
00:00:14.96,-0.00411415100097656,-0.00061798095703125,0.00599098205566406,0,
00:00:14.964,-0.00411415100097656,-0.000612258911132813,0.0059967041015625,0,
00:00:14.968,-0.00411415100097656,-0.000606536865234375,0.00597953796386719,0,
00:00:14.972,-0.00410270690917969,-0.000623703002929688,0.00596809387207031,0,
00:00:14.976,-0.00408554077148438,-0.000606536865234375,0.00597381591796875,0,
00:00:14.98,-0.00409698486328125,-0.000589370727539063,0.00596809387207031,0,
00:00:14.984,-0.00410842895507813,-0.000600814819335938,0.00599098205566406,0,
00:00:14.988,-0.00410270690917969,-0.00061798095703125,0.00599098205566406,0,
00:00:14.992,-0.00410842895507813,-0.000606536865234375,0.00598526000976563,0,
00:00:14.996,-0.00411415100097656,-0.000629425048828125,0.00601959228515625,0,
00:00:15,-0.00410842895507813,-0.000640869140625,0.00599098205566406,0,
00:00:15.004,-0.004119873046875,-0.000629425048828125,0.00597381591796875,0,
00:00:15.008,-0.00413131713867188,-0.000612258911132813,0.00601387023925781,0,
00:00:15.012,-0.00412559509277344,-0.000635147094726563,0.00603103637695313,0,
00:00:15.016,-0.00410842895507813,-0.000635147094726563,0.0059967041015625,0,
00:00:15.02,-0.00410842895507813,-0.000600814819335938,0.00600814819335938,0,
00:00:15.024,-0.0040740966796875,-0.00061798095703125,0.00602531433105469,0,
00:00:15.028,-0.00409126281738281,-0.00061798095703125,0.0059967041015625,0,
00:00:15.032,-0.00412559509277344,-0.000600814819335938,0.00600242614746094,0,
00:00:15.036,-0.004119873046875,-0.00061798095703125,0.0059967041015625,0,
00:00:15.04,-0.00409698486328125,-0.000612258911132813,0.00597953796386719,0,
00:00:15.044,-0.00410270690917969,-0.000612258911132813,0.00601959228515625,0,
00:00:15.048,-0.00409698486328125,-0.000612258911132813,0.00604820251464844,0,
00:00:15.052,-0.00410270690917969,-0.000612258911132813,0.00601387023925781,0,
00:00:15.056,-0.00410842895507813,-0.000623703002929688,0.00601959228515625,0,
00:00:15.06,-0.00410842895507813,-0.000635147094726563,0.00602531433105469,0,
00:00:15.064,-0.00409698486328125,-0.000629425048828125,0.00600814819335938,0,
00:00:15.068,-0.00411415100097656,-0.000612258911132813,0.0059967041015625,0,
00:00:15.072,-0.00411415100097656,-0.000606536865234375,0.00604248046875,0,
00:00:15.076,-0.00410270690917969,-0.000629425048828125,0.00603675842285156,0,
00:00:15.08,-0.00409126281738281,-0.000612258911132813,0.00601387023925781,0,
00:00:15.084,-0.00407981872558594,-0.000612258911132813,0.00600814819335938,0,
00:00:15.088,-0.00410842895507813,-0.000623703002929688,0.00604248046875,0,
00:00:15.092,-0.00411415100097656,-0.000635147094726563,0.00604248046875,0,
00:00:15.096,-0.004119873046875,-0.000635147094726563,0.00604248046875,0,
00:00:15.1,-0.00410270690917969,-0.000612258911132813,0.00601959228515625,0,
00:00:15.104,-0.00408554077148438,-0.000623703002929688,0.00603103637695313,0,
00:00:15.108,-0.00408554077148438,-0.000629425048828125,0.00604820251464844,0,
00:00:15.112,-0.00413703918457031,-0.000623703002929688,0.00604248046875,0,
00:00:15.116,-0.00414848327636719,-0.00061798095703125,0.00605964660644531,0,
00:00:15.12,-0.00411415100097656,-0.00061798095703125,0.00605392456054688,0,
00:00:15.124,-0.00409126281738281,-0.000629425048828125,0.00607109069824219,0,
00:00:15.128,-0.00411415100097656,-0.000623703002929688,0.00601959228515625,0,
00:00:15.132,-0.00414276123046875,-0.00061798095703125,0.00601387023925781,0,
00:00:15.136,-0.00413703918457031,-0.000629425048828125,0.00607109069824219,0,
00:00:15.14,-0.004119873046875,-0.000629425048828125,0.00605392456054688,0,
00:00:15.144,-0.00413131713867188,-0.00061798095703125,0.00604248046875,0,
00:00:15.148,-0.00411415100097656,-0.000612258911132813,0.00603675842285156,0,
00:00:15.152,-0.00409698486328125,-0.00061798095703125,0.00605392456054688,0,
00:00:15.156,-0.00407981872558594,-0.000629425048828125,0.00607109069824219,0,
00:00:15.16,-0.0040740966796875,-0.000629425048828125,0.00609397888183594,0,
00:00:15.164,-0.00408554077148438,-0.000629425048828125,0.00605964660644531,0,
00:00:15.168,-0.00409698486328125,-0.00061798095703125,0.00605392456054688,0,
00:00:15.172,-0.00409698486328125,-0.000606536865234375,0.00605964660644531,0,
00:00:15.176,-0.00409698486328125,-0.000623703002929688,0.00609397888183594,0,
00:00:15.18,-0.00411415100097656,-0.000635147094726563,0.00609397888183594,0,
00:00:15.184,-0.004119873046875,-0.00061798095703125,0.00608253479003906,0,
00:00:15.188,-0.00410842895507813,-0.00061798095703125,0.00606536865234375,0,
00:00:15.192,-0.00410270690917969,-0.000635147094726563,0.00607681274414063,0,
00:00:15.196,-0.00410270690917969,-0.000623703002929688,0.00609397888183594,0,
00:00:15.2,-0.00411415100097656,-0.000623703002929688,0.00605964660644531,0,
00:00:15.204,-0.00414276123046875,-0.000629425048828125,0.00607109069824219,0,
00:00:15.208,-0.004119873046875,-0.000629425048828125,0.00608253479003906,0,
00:00:15.212,-0.00409698486328125,-0.000612258911132813,0.00604820251464844,0,
00:00:15.216,-0.00410270690917969,-0.000623703002929688,0.0060882568359375,0,
00:00:15.22,-0.00410842895507813,-0.000623703002929688,0.006134033203125,0,
00:00:15.224,-0.00410842895507813,-0.000635147094726563,0.00612831115722656,0,
00:00:15.228,-0.00414276123046875,-0.000640869140625,0.00608253479003906,0,
00:00:15.232,-0.0041656494140625,-0.000646591186523438,0.00607109069824219,0,
00:00:15.236,-0.00413703918457031,-0.000635147094726563,0.00610542297363281,0,
00:00:15.24,-0.00410270690917969,-0.000623703002929688,0.00609397888183594,0,
00:00:15.244,-0.00409126281738281,-0.000612258911132813,0.00605964660644531,0,
00:00:15.248,-0.00409698486328125,-0.00061798095703125,0.00610542297363281,0,
00:00:15.252,-0.00409126281738281,-0.000635147094726563,0.00610542297363281,0,
00:00:15.256,-0.00410270690917969,-0.000652313232421875,0.00611686706542969,0,
00:00:15.26,-0.00414276123046875,-0.000646591186523438,0.00609970092773438,0,
00:00:15.264,-0.00415992736816406,-0.000640869140625,0.00611114501953125,0,
00:00:15.268,-0.00412559509277344,-0.000623703002929688,0.00610542297363281,0,
00:00:15.272,-0.00410270690917969,-0.000629425048828125,0.00609397888183594,0,
00:00:15.276,-0.00410270690917969,-0.000635147094726563,0.00612258911132813,0,
00:00:15.28,-0.00409126281738281,-0.000640869140625,0.006134033203125,0,
00:00:15.284,-0.004119873046875,-0.000623703002929688,0.00612831115722656,0,
00:00:15.288,-0.00413131713867188,-0.000640869140625,0.00611114501953125,0,
00:00:15.292,-0.00415420532226563,-0.000646591186523438,0.00613975524902344,0,
00:00:15.296,-0.00413703918457031,-0.000635147094726563,0.00613975524902344,0,
00:00:15.3,-0.00413703918457031,-0.000635147094726563,0.00610542297363281,0,
00:00:15.304,-0.00412559509277344,-0.000629425048828125,0.0060882568359375,0,
00:00:15.308,-0.00410842895507813,-0.000623703002929688,0.00612831115722656,0,
00:00:15.312,-0.00410842895507813,-0.000606536865234375,0.00615119934082031,0,
00:00:15.316,-0.004119873046875,-0.000646591186523438,0.00614547729492188,0,
00:00:15.32,-0.004119873046875,-0.000652313232421875,0.00614547729492188,0,
00:00:15.324,-0.00412559509277344,-0.000646591186523438,0.00612258911132813,0,
00:00:15.328,-0.00413703918457031,-0.000640869140625,0.00612831115722656,0,
00:00:15.332,-0.00414848327636719,-0.000629425048828125,0.00613975524902344,0,
00:00:15.336,-0.00413131713867188,-0.000623703002929688,0.00612831115722656,0,
00:00:15.34,-0.00410842895507813,-0.000646591186523438,0.00615119934082031,0,
00:00:15.344,-0.00411415100097656,-0.000646591186523438,0.00615692138671875,0,
00:00:15.348,-0.00413703918457031,-0.000635147094726563,0.00614547729492188,0,
00:00:15.352,-0.00413703918457031,-0.000640869140625,0.00614547729492188,0,
00:00:15.356,-0.00413131713867188,-0.000640869140625,0.00615119934082031,0,
00:00:15.36,-0.00412559509277344,-0.000652313232421875,0.00618553161621094,0,
00:00:15.364,-0.00413131713867188,-0.000652313232421875,0.00615119934082031,0,
00:00:15.368,-0.00415992736816406,-0.000640869140625,0.00613975524902344,0,
00:00:15.372,-0.00414276123046875,-0.000640869140625,0.00615119934082031,0,
00:00:15.376,-0.00412559509277344,-0.000635147094726563,0.00615692138671875,0,
00:00:15.38,-0.00410842895507813,-0.000646591186523438,0.00618553161621094,0,
00:00:15.384,-0.00412559509277344,-0.000652313232421875,0.0061798095703125,0,
00:00:15.388,-0.00414276123046875,-0.000646591186523438,0.00617408752441406,0,
00:00:15.392,-0.00414848327636719,-0.00066375732421875,0.00617408752441406,0,
00:00:15.396,-0.00414848327636719,-0.000646591186523438,0.00616836547851563,0,
00:00:15.4,-0.0041656494140625,-0.000652313232421875,0.00617408752441406,0,
00:00:15.404,-0.00415420532226563,-0.000640869140625,0.00616264343261719,0,
00:00:15.408,-0.00414276123046875,-0.000640869140625,0.00614547729492188,0,
00:00:15.412,-0.00411415100097656,-0.000652313232421875,0.00616264343261719,0,
00:00:15.416,-0.00414276123046875,-0.000652313232421875,0.00617408752441406,0,
00:00:15.42,-0.00414848327636719,-0.000646591186523438,0.00619125366210938,0,
00:00:15.424,-0.00412559509277344,-0.000646591186523438,0.00618553161621094,0,
00:00:15.428,-0.00414276123046875,-0.000669479370117188,0.00619125366210938,0,
00:00:15.432,-0.00415420532226563,-0.00066375732421875,0.00618553161621094,0,
00:00:15.436,-0.00412559509277344,-0.000640869140625,0.00618553161621094,0,
00:00:15.44,-0.00412559509277344,-0.000640869140625,0.0061798095703125,0,
00:00:15.444,-0.00413703918457031,-0.000646591186523438,0.00618553161621094,0,
00:00:15.448,-0.00413703918457031,-0.000640869140625,0.00618553161621094,0,
00:00:15.452,-0.00415420532226563,-0.000658035278320313,0.00617408752441406,0,
00:00:15.456,-0.00414276123046875,-0.00066375732421875,0.00615119934082031,0,
00:00:15.46,-0.00413703918457031,-0.000658035278320313,0.00620841979980469,0,
00:00:15.464,-0.00415420532226563,-0.000652313232421875,0.00620269775390625,0,
00:00:15.468,-0.00415992736816406,-0.000658035278320313,0.00621414184570313,0,
00:00:15.472,-0.00414848327636719,-0.00066375732421875,0.00621986389160156,0,
00:00:15.476,-0.00414848327636719,-0.000669479370117188,0.00620269775390625,0,
00:00:15.48,-0.00414276123046875,-0.00066375732421875,0.00619697570800781,0,
00:00:15.484,-0.00414276123046875,-0.000669479370117188,0.00620841979980469,0,
00:00:15.488,-0.0041656494140625,-0.000675201416015625,0.00619697570800781,0,
00:00:15.492,-0.00415992736816406,-0.000675201416015625,0.00619697570800781,0,
00:00:15.496,-0.00415420532226563,-0.000658035278320313,0.00620269775390625,0,
00:00:15.5,-0.00415992736816406,-0.00066375732421875,0.00621414184570313,0,
00:00:15.504,-0.00417137145996094,-0.000669479370117188,0.00623130798339844,0,
00:00:15.508,-0.00419425964355469,-0.000669479370117188,0.00621986389160156,0,
00:00:15.512,-0.00421142578125,-0.000658035278320313,0.00621414184570313,0,
00:00:15.516,-0.00419425964355469,-0.00061798095703125,0.00621414184570313,0,
00:00:15.52,-0.00414848327636719,-0.000623703002929688,0.00617408752441406,0,
00:00:15.524,-0.00409126281738281,-0.000635147094726563,0.0061798095703125,0,
00:00:15.528,-0.00410270690917969,-0.000692367553710938,0.00616836547851563,0,
00:00:15.532,-0.00411415100097656,-0.000720977783203125,0.00624275207519531,0,
00:00:15.536,-0.00417137145996094,-0.000680923461914063,0.00627708435058594,0,
00:00:15.54,-0.00419425964355469,-0.000652313232421875,0.00623703002929688,0,
00:00:15.544,-0.0041656494140625,-0.000658035278320313,0.0062255859375,0,
00:00:15.548,-0.00414276123046875,-0.000669479370117188,0.00624275207519531,0,
00:00:15.552,-0.00414276123046875,-0.000675201416015625,0.00624847412109375,0,
00:00:15.556,-0.0041656494140625,-0.000680923461914063,0.00621986389160156,0,
00:00:15.56,-0.00418853759765625,-0.00066375732421875,0.00621986389160156,0,
00:00:15.564,-0.00417137145996094,-0.00066375732421875,0.00624275207519531,0,
00:00:15.568,-0.00417137145996094,-0.0006866455078125,0.00623130798339844,0,
00:00:15.572,-0.00417709350585938,-0.000669479370117188,0.00624847412109375,0,
00:00:15.576,-0.0041656494140625,-0.00066375732421875,0.00624275207519531,0,
00:00:15.58,-0.00417137145996094,-0.000675201416015625,0.00624275207519531,0,
00:00:15.584,-0.00418281555175781,-0.000675201416015625,0.00623703002929688,0,
00:00:15.588,-0.00417709350585938,-0.000675201416015625,0.00623703002929688,0,
00:00:15.592,-0.00417137145996094,-0.000652313232421875,0.00623130798339844,0,
00:00:15.596,-0.00417709350585938,-0.000669479370117188,0.00624275207519531,0,
00:00:15.6,-0.0041656494140625,-0.000669479370117188,0.00623703002929688,0,
00:00:15.604,-0.00418281555175781,-0.000658035278320313,0.00623703002929688,0,
00:00:15.608,-0.00418281555175781,-0.00066375732421875,0.00623703002929688,0,
00:00:15.612,-0.00414848327636719,-0.0006866455078125,0.00624847412109375,0,
00:00:15.616,-0.00417137145996094,-0.0006866455078125,0.00625991821289063,0,
00:00:15.62,-0.00418281555175781,-0.000680923461914063,0.00624847412109375,0,
00:00:15.624,-0.00418853759765625,-0.000640869140625,0.00621414184570313,0,
00:00:15.628,-0.00419425964355469,-0.00066375732421875,0.0062713623046875,0,
00:00:15.632,-0.00417709350585938,-0.000692367553710938,0.00625991821289063,0,
00:00:15.636,-0.00418281555175781,-0.00066375732421875,0.00624275207519531,0,
00:00:15.64,-0.00417709350585938,-0.000669479370117188,0.00625419616699219,0,
00:00:15.644,-0.00417709350585938,-0.000680923461914063,0.00624847412109375,0,
00:00:15.648,-0.00417709350585938,-0.000692367553710938,0.00625419616699219,0,
00:00:15.652,-0.00415420532226563,-0.000703811645507813,0.0062713623046875,0,
00:00:15.656,-0.00418281555175781,-0.000675201416015625,0.00627708435058594,0,
00:00:15.66,-0.00419425964355469,-0.00066375732421875,0.00629425048828125,0,
00:00:15.664,-0.00421714782714844,-0.000669479370117188,0.00628280639648438,0,
00:00:15.668,-0.00419998168945313,-0.000680923461914063,0.00625419616699219,0,
00:00:15.672,-0.0041656494140625,-0.0006866455078125,0.00624847412109375,0,
00:00:15.676,-0.00417709350585938,-0.0006866455078125,0.00626564025878906,0,
00:00:15.68,-0.00420570373535156,-0.000692367553710938,0.00625991821289063,0,
00:00:15.684,-0.00420570373535156,-0.000692367553710938,0.00624847412109375,0,
00:00:15.688,-0.00423431396484375,-0.000698089599609375,0.00628280639648438,0,
00:00:15.692,-0.00422286987304688,-0.00066375732421875,0.00629425048828125,0,
00:00:15.696,-0.00419998168945313,-0.00066375732421875,0.00625991821289063,0,
00:00:15.7,-0.0041656494140625,-0.000669479370117188,0.00623703002929688,0,
00:00:15.704,-0.00415420532226563,-0.0006866455078125,0.00624275207519531,0,
00:00:15.708,-0.00415420532226563,-0.000680923461914063,0.00628852844238281,0,
00:00:15.712,-0.00417709350585938,-0.000675201416015625,0.00628852844238281,0,
00:00:15.716,-0.00419425964355469,-0.000680923461914063,0.00628280639648438,0,
00:00:15.72,-0.00419425964355469,-0.000692367553710938,0.00626564025878906,0,
00:00:15.724,-0.00421142578125,-0.000680923461914063,0.00626564025878906,0,
00:00:15.728,-0.00422286987304688,-0.000692367553710938,0.00626564025878906,0,
00:00:15.732,-0.00419425964355469,-0.000675201416015625,0.00626564025878906,0,
00:00:15.736,-0.00419998168945313,-0.000669479370117188,0.00627708435058594,0,
00:00:15.74,-0.00419425964355469,-0.000675201416015625,0.00628280639648438,0,
00:00:15.744,-0.00418281555175781,-0.0006866455078125,0.00629997253417969,0,
00:00:15.748,-0.00419425964355469,-0.000715255737304688,0.00628852844238281,0,
00:00:15.752,-0.00419998168945313,-0.000692367553710938,0.00629997253417969,0,
00:00:15.756,-0.00419998168945313,-0.000703811645507813,0.00629425048828125,0,
00:00:15.76,-0.00422286987304688,-0.000715255737304688,0.00628280639648438,0,
00:00:15.764,-0.00422859191894531,-0.0006866455078125,0.00629997253417969,0,
00:00:15.768,-0.00421142578125,-0.0006866455078125,0.00627708435058594,0,
00:00:15.772,-0.00421142578125,-0.000698089599609375,0.0062713623046875,0,
00:00:15.776,-0.00422859191894531,-0.000692367553710938,0.00625991821289063,0,
00:00:15.78,-0.00423431396484375,-0.000698089599609375,0.00627708435058594,0,
00:00:15.784,-0.00424575805664063,-0.0006866455078125,0.0062713623046875,0,
00:00:15.788,-0.00424575805664063,-0.0006866455078125,0.00628280639648438,0,
00:00:15.792,-0.00419425964355469,-0.000692367553710938,0.00628852844238281,0,
00:00:15.796,-0.00417137145996094,-0.0006866455078125,0.00628852844238281,0,
00:00:15.8,-0.00417709350585938,-0.000675201416015625,0.00628280639648438,0,
00:00:15.804,-0.00417709350585938,-0.000698089599609375,0.0062713623046875,0,
00:00:15.808,-0.00421142578125,-0.000703811645507813,0.0062713623046875,0,
00:00:15.812,-0.00421142578125,-0.000692367553710938,0.00624847412109375,0,
00:00:15.816,-0.00418281555175781,-0.00070953369140625,0.00624847412109375,0,
00:00:15.82,-0.00418853759765625,-0.000698089599609375,0.00631141662597656,0,
00:00:15.824,-0.0042572021484375,-0.0006866455078125,0.00630569458007813,0,
00:00:15.828,-0.00425148010253906,-0.000703811645507813,0.00629425048828125,0,
00:00:15.832,-0.00424575805664063,-0.000715255737304688,0.00629997253417969,0,
00:00:15.836,-0.00422286987304688,-0.000715255737304688,0.00627708435058594,0,
00:00:15.84,-0.00421142578125,-0.000726699829101563,0.00627708435058594,0,
00:00:15.844,-0.00420570373535156,-0.000692367553710938,0.00627708435058594,0,
00:00:15.848,-0.00420570373535156,-0.000698089599609375,0.00626564025878906,0,
00:00:15.852,-0.00422286987304688,-0.000715255737304688,0.00626564025878906,0,
00:00:15.856,-0.00421714782714844,-0.000715255737304688,0.00630569458007813,0,
00:00:15.86,-0.00421714782714844,-0.000698089599609375,0.00629425048828125,0,
00:00:15.864,-0.00421714782714844,-0.000703811645507813,0.00627708435058594,0,
00:00:15.868,-0.00423431396484375,-0.00070953369140625,0.00628852844238281,0,
00:00:15.872,-0.00424575805664063,-0.000698089599609375,0.00628852844238281,0,
00:00:15.876,-0.00424575805664063,-0.0006866455078125,0.00624275207519531,0,
00:00:15.88,-0.00422859191894531,-0.0006866455078125,0.00625991821289063,0,
00:00:15.884,-0.00421142578125,-0.00070953369140625,0.00628280639648438,0,
00:00:15.888,-0.00419998168945313,-0.00070953369140625,0.0062713623046875,0,
00:00:15.892,-0.00420570373535156,-0.000715255737304688,0.00627708435058594,0,
00:00:15.896,-0.00421142578125,-0.000703811645507813,0.00629425048828125,0,
00:00:15.9,-0.00422859191894531,-0.000692367553710938,0.00628280639648438,0,
00:00:15.904,-0.00423431396484375,-0.000703811645507813,0.00628280639648438,0,
00:00:15.908,-0.00422859191894531,-0.000715255737304688,0.00627708435058594,0,
00:00:15.912,-0.00422286987304688,-0.000715255737304688,0.00625991821289063,0,
00:00:15.916,-0.00422859191894531,-0.000703811645507813,0.00627708435058594,0,
00:00:15.92,-0.00422286987304688,-0.000732421875,0.00628280639648438,0,
00:00:15.924,-0.00424003601074219,-0.000720977783203125,0.00628852844238281,0,
00:00:15.928,-0.00426864624023438,-0.000680923461914063,0.00626564025878906,0,
00:00:15.932,-0.0042572021484375,-0.000692367553710938,0.00626564025878906,0,
00:00:15.936,-0.00421142578125,-0.00070953369140625,0.00627708435058594,0,
00:00:15.94,-0.00418853759765625,-0.000726699829101563,0.00627708435058594,0,
00:00:15.944,-0.00421714782714844,-0.000726699829101563,0.00626564025878906,0,
00:00:15.948,-0.00424575805664063,-0.000738143920898438,0.00625991821289063,0,
00:00:15.952,-0.00424575805664063,-0.000715255737304688,0.00624275207519531,0,
00:00:15.956,-0.00425148010253906,-0.000703811645507813,0.00628852844238281,0,
00:00:15.96,-0.00422859191894531,-0.00070953369140625,0.00627708435058594,0,
00:00:15.964,-0.0042572021484375,-0.00070953369140625,0.0062713623046875,0,
00:00:15.968,-0.0042572021484375,-0.000720977783203125,0.00629425048828125,0,
00:00:15.972,-0.00424003601074219,-0.000715255737304688,0.00626564025878906,0,
00:00:15.976,-0.00423431396484375,-0.000715255737304688,0.00626564025878906,0,
00:00:15.98,-0.00421714782714844,-0.000715255737304688,0.00626564025878906,0,
00:00:15.984,-0.00423431396484375,-0.00070953369140625,0.00626564025878906,0,
00:00:15.988,-0.00426864624023438,-0.000726699829101563,0.00629425048828125,0,
00:00:15.992,-0.0042572021484375,-0.000720977783203125,0.0062713623046875,0,
00:00:15.996,-0.00424003601074219,-0.000720977783203125,0.00624275207519531,0,
00:00:16,-0.00424575805664063,-0.000715255737304688,0.00623130798339844,0,
00:00:16.004,-0.00424575805664063,-0.00070953369140625,0.00627708435058594,0,
00:00:16.008,-0.00423431396484375,-0.000720977783203125,0.00626564025878906,0,
00:00:16.012,-0.00423431396484375,-0.000743865966796875,0.00627708435058594,0,
00:00:16.016,-0.0042572021484375,-0.000726699829101563,0.00626564025878906,0,
00:00:16.02,-0.00426292419433594,-0.000726699829101563,0.00623703002929688,0,
00:00:16.024,-0.00426292419433594,-0.000703811645507813,0.0062713623046875,0,
00:00:16.028,-0.0042572021484375,-0.000720977783203125,0.00627708435058594,0,
00:00:16.032,-0.00424575805664063,-0.000749588012695313,0.0062713623046875,0,
00:00:16.036,-0.0042572021484375,-0.000749588012695313,0.00624847412109375,0,
00:00:16.04,-0.00426292419433594,-0.00075531005859375,0.00625419616699219,0,
00:00:16.044,-0.00424575805664063,-0.000720977783203125,0.00625991821289063,0,
00:00:16.048,-0.00421714782714844,-0.000743865966796875,0.00627708435058594,0,
00:00:16.052,-0.00423431396484375,-0.00075531005859375,0.00626564025878906,0,
00:00:16.056,-0.00426864624023438,-0.000743865966796875,0.00624847412109375,0,
00:00:16.06,-0.00428581237792969,-0.000720977783203125,0.00623703002929688,0,
00:00:16.064,-0.00427436828613281,-0.000726699829101563,0.00625419616699219,0,
00:00:16.068,-0.0042572021484375,-0.000743865966796875,0.00628280639648438,0,
00:00:16.072,-0.00427436828613281,-0.000743865966796875,0.00625991821289063,0,
00:00:16.076,-0.00426864624023438,-0.000738143920898438,0.00624275207519531,0,
00:00:16.08,-0.00422859191894531,-0.000743865966796875,0.00623703002929688,0,
00:00:16.084,-0.00424003601074219,-0.000761032104492188,0.00623703002929688,0,
00:00:16.088,-0.0042572021484375,-0.000732421875,0.00624275207519531,0,
00:00:16.092,-0.0042572021484375,-0.000738143920898438,0.00626564025878906,0,
00:00:16.096,-0.00427436828613281,-0.000743865966796875,0.00623130798339844,0,
00:00:16.1,-0.00426292419433594,-0.000743865966796875,0.00625419616699219,0,
00:00:16.104,-0.00428009033203125,-0.000743865966796875,0.00626564025878906,0,
00:00:16.108,-0.00427436828613281,-0.000772476196289063,0.00625991821289063,0,
00:00:16.112,-0.00426292419433594,-0.0007781982421875,0.00623703002929688,0,
00:00:16.116,-0.004302978515625,-0.000766754150390625,0.00621986389160156,0,
00:00:16.12,-0.00430870056152344,-0.000749588012695313,0.00624847412109375,0,
00:00:16.124,-0.00431442260742188,-0.000738143920898438,0.00624275207519531,0,
00:00:16.128,-0.004302978515625,-0.000749588012695313,0.00624847412109375,0,
00:00:16.132,-0.00426292419433594,-0.00075531005859375,0.00625419616699219,0,
00:00:16.136,-0.0042572021484375,-0.000761032104492188,0.00625419616699219,0,
00:00:16.14,-0.00428581237792969,-0.000766754150390625,0.00623130798339844,0,
00:00:16.144,-0.00429153442382813,-0.000761032104492188,0.00621414184570313,0,
00:00:16.148,-0.00429153442382813,-0.0007781982421875,0.00621986389160156,0,
00:00:16.152,-0.00428009033203125,-0.0007781982421875,0.00624275207519531,0,
00:00:16.156,-0.00428581237792969,-0.000749588012695313,0.00623703002929688,0,
00:00:16.16,-0.00429725646972656,-0.0007781982421875,0.00621986389160156,0,
00:00:16.164,-0.00429153442382813,-0.000783920288085938,0.00621414184570313,0,
00:00:16.168,-0.00429725646972656,-0.000795364379882813,0.00623130798339844,0,
00:00:16.172,-0.00429725646972656,-0.000772476196289063,0.00618553161621094,0,
00:00:16.176,-0.004302978515625,-0.00075531005859375,0.00620269775390625,0,
00:00:16.18,-0.004302978515625,-0.000772476196289063,0.00624275207519531,0,
00:00:16.184,-0.00431442260742188,-0.000772476196289063,0.00623703002929688,0,
00:00:16.188,-0.00432586669921875,-0.000766754150390625,0.00621986389160156,0,
00:00:16.192,-0.00430870056152344,-0.0007781982421875,0.00619697570800781,0,
00:00:16.196,-0.00429153442382813,-0.000789642333984375,0.00620841979980469,0,
00:00:16.2,-0.00428581237792969,-0.000789642333984375,0.00624275207519531,0,
00:00:16.204,-0.00433158874511719,-0.00080108642578125,0.00621986389160156,0,
00:00:16.208,-0.00432586669921875,-0.00080108642578125,0.00620841979980469,0,
00:00:16.212,-0.00432014465332031,-0.0007781982421875,0.00623703002929688,0,
00:00:16.216,-0.00434303283691406,-0.000795364379882813,0.00619125366210938,0,
00:00:16.22,-0.00433731079101563,-0.000795364379882813,0.00618553161621094,0,
00:00:16.224,-0.00433158874511719,-0.000806808471679688,0.00620841979980469,0,
00:00:16.228,-0.00432014465332031,-0.00080108642578125,0.00621414184570313,0,
00:00:16.232,-0.00430870056152344,-0.000795364379882813,0.00623130798339844,0,
00:00:16.236,-0.00431442260742188,-0.000795364379882813,0.00621414184570313,0,
00:00:16.24,-0.00432014465332031,-0.00080108642578125,0.00618553161621094,0,
00:00:16.244,-0.00433158874511719,-0.00080108642578125,0.00620269775390625,0,
00:00:16.248,-0.00435447692871094,-0.00080108642578125,0.00620841979980469,0,
00:00:16.252,-0.0043487548828125,-0.00080108642578125,0.00618553161621094,0,
00:00:16.256,-0.00432014465332031,-0.000823974609375,0.00619697570800781,0,
00:00:16.26,-0.00431442260742188,-0.000812530517578125,0.00619125366210938,0,
00:00:16.264,-0.00436019897460938,-0.000841140747070313,0.00619697570800781,0,
00:00:16.268,-0.00436592102050781,-0.000823974609375,0.00620269775390625,0,
00:00:16.272,-0.00436592102050781,-0.000818252563476563,0.00616836547851563,0,
00:00:16.276,-0.00436019897460938,-0.000823974609375,0.00619697570800781,0,
00:00:16.28,-0.00435447692871094,-0.000818252563476563,0.00620269775390625,0,
00:00:16.284,-0.00436592102050781,-0.000795364379882813,0.00616836547851563,0,
00:00:16.288,-0.00437736511230469,-0.000823974609375,0.00616836547851563,0,
00:00:16.292,-0.00435447692871094,-0.00084686279296875,0.00620269775390625,0,
00:00:16.296,-0.0043487548828125,-0.000835418701171875,0.00619697570800781,0,
00:00:16.3,-0.00436592102050781,-0.000823974609375,0.00619697570800781,0,
00:00:16.304,-0.00439453125,-0.000835418701171875,0.00619697570800781,0,
00:00:16.308,-0.00440597534179688,-0.00084686279296875,0.00619697570800781,0,
00:00:16.312,-0.00437736511230469,-0.000841140747070313,0.00616836547851563,0,
00:00:16.316,-0.00438308715820313,-0.000829696655273438,0.00615692138671875,0,
00:00:16.32,-0.00438880920410156,-0.000835418701171875,0.00616836547851563,0,
00:00:16.324,-0.00438880920410156,-0.00084686279296875,0.00619697570800781,0,
00:00:16.328,-0.00438308715820313,-0.00084686279296875,0.00617408752441406,0,
00:00:16.332,-0.00437736511230469,-0.00084686279296875,0.0061798095703125,0,
00:00:16.336,-0.00437164306640625,-0.000841140747070313,0.00615692138671875,0,
00:00:16.34,-0.00439453125,-0.000829696655273438,0.00615119934082031,0,
00:00:16.344,-0.00440597534179688,-0.000835418701171875,0.00615119934082031,0,
00:00:16.348,-0.00441741943359375,-0.000852584838867188,0.00616836547851563,0,
00:00:16.352,-0.00442886352539063,-0.000881195068359375,0.00616836547851563,0,
00:00:16.356,-0.00440597534179688,-0.000875473022460938,0.00615119934082031,0,
00:00:16.36,-0.00441169738769531,-0.000875473022460938,0.00617408752441406,0,
00:00:16.364,-0.0044403076171875,-0.000875473022460938,0.00616836547851563,0,
00:00:16.368,-0.00444602966308594,-0.000875473022460938,0.00616264343261719,0,
00:00:16.372,-0.00441169738769531,-0.000858306884765625,0.00615692138671875,0,
00:00:16.376,-0.00441741943359375,-0.000864028930664063,0.00613975524902344,0,
00:00:16.38,-0.00442314147949219,-0.000858306884765625,0.00613975524902344,0,
00:00:16.384,-0.00442886352539063,-0.000886917114257813,0.006134033203125,0,
00:00:16.388,-0.00445175170898438,-0.00091552734375,0.00613975524902344,0,
00:00:16.392,-0.00447463989257813,-0.000881195068359375,0.00616264343261719,0,
00:00:16.396,-0.00449180603027344,-0.000875473022460938,0.00614547729492188,0,
00:00:16.4,-0.00446319580078125,-0.000875473022460938,0.00615119934082031,0,
00:00:16.404,-0.00443458557128906,-0.000875473022460938,0.00614547729492188,0,
00:00:16.408,-0.0044403076171875,-0.000886917114257813,0.006134033203125,0,
00:00:16.412,-0.00443458557128906,-0.000886917114257813,0.00611686706542969,0,
00:00:16.416,-0.00442314147949219,-0.000886917114257813,0.00615119934082031,0,
00:00:16.42,-0.0044403076171875,-0.000909805297851563,0.00614547729492188,0,
00:00:16.424,-0.00448036193847656,-0.000898361206054688,0.00613975524902344,0,
00:00:16.428,-0.00448036193847656,-0.000909805297851563,0.00611686706542969,0,
00:00:16.432,-0.00448036193847656,-0.000909805297851563,0.00611686706542969,0,
00:00:16.436,-0.00449180603027344,-0.00089263916015625,0.00613975524902344,0,
00:00:16.44,-0.00448036193847656,-0.00089263916015625,0.00612258911132813,0,
00:00:16.444,-0.00446891784667969,-0.000909805297851563,0.00611114501953125,0,
00:00:16.448,-0.00446319580078125,-0.000926971435546875,0.00613975524902344,0,
00:00:16.452,-0.00448036193847656,-0.000921249389648438,0.00611114501953125,0,
00:00:16.456,-0.00449752807617188,-0.000909805297851563,0.00612831115722656,0,
00:00:16.46,-0.00450325012207031,-0.000898361206054688,0.00615692138671875,0,
00:00:16.464,-0.00452041625976563,-0.000904083251953125,0.00614547729492188,0,
00:00:16.468,-0.00452041625976563,-0.000926971435546875,0.00612258911132813,0,
00:00:16.472,-0.00452041625976563,-0.000921249389648438,0.00609397888183594,0,
00:00:16.476,-0.00449752807617188,-0.00093841552734375,0.00609397888183594,0,
00:00:16.48,-0.004486083984375,-0.000944137573242188,0.0060882568359375,0,
00:00:16.484,-0.00449180603027344,-0.00091552734375,0.00609397888183594,0,
00:00:16.488,-0.00453758239746094,-0.000909805297851563,0.00609397888183594,0,
00:00:16.492,-0.00453758239746094,-0.000932693481445313,0.0060882568359375,0,
00:00:16.496,-0.00454330444335938,-0.000898361206054688,0.00607681274414063,0,
00:00:16.5,-0.00455474853515625,-0.00091552734375,0.00611686706542969,0,
00:00:16.504,-0.0045318603515625,-0.00093841552734375,0.00611114501953125,0,
00:00:16.508,-0.00452041625976563,-0.000932693481445313,0.00609397888183594,0,
00:00:16.512,-0.00450897216796875,-0.000932693481445313,0.00610542297363281,0,
00:00:16.516,-0.00453758239746094,-0.000932693481445313,0.00610542297363281,0,
00:00:16.52,-0.00453758239746094,-0.000932693481445313,0.00607109069824219,0,
00:00:16.524,-0.00454330444335938,-0.000949859619140625,0.00608253479003906,0,
00:00:16.528,-0.00455474853515625,-0.00093841552734375,0.0060882568359375,0,
00:00:16.532,-0.00454330444335938,-0.00093841552734375,0.00607681274414063,0,
00:00:16.536,-0.0045318603515625,-0.000944137573242188,0.00607681274414063,0,
00:00:16.54,-0.00454330444335938,-0.000932693481445313,0.0060882568359375,0,
00:00:16.544,-0.00454330444335938,-0.000949859619140625,0.0060882568359375,0,
00:00:16.548,-0.00454902648925781,-0.000955581665039063,0.00611114501953125,0,
00:00:16.552,-0.00458908081054688,-0.000932693481445313,0.00609397888183594,0,
00:00:16.556,-0.00460052490234375,-0.000949859619140625,0.00606536865234375,0,
00:00:16.56,-0.00458908081054688,-0.0009613037109375,0.00608253479003906,0,
00:00:16.564,-0.00457763671875,-0.000967025756835938,0.00605392456054688,0,
00:00:16.568,-0.00457763671875,-0.000949859619140625,0.0060882568359375,0,
00:00:16.572,-0.00456619262695313,-0.000967025756835938,0.00610542297363281,0,
00:00:16.576,-0.00458335876464844,-0.000978469848632813,0.0060882568359375,0,
00:00:16.58,-0.00461196899414063,-0.000978469848632813,0.00606536865234375,0,
00:00:16.584,-0.0046234130859375,-0.0009613037109375,0.00604820251464844,0,
00:00:16.588,-0.00464057922363281,-0.000955581665039063,0.00603675842285156,0,
00:00:16.592,-0.00462913513183594,